psi,theta
-0.01,0.42981106
-0.02,0.4298092
-0.03,0.42980734
-0.04,0.4298054
-0.05,0.42980337
-0.060000000000000005,0.4298013
-0.06999999999999999,0.42979914
-0.08,0.429797
-0.09,0.42979473
-0.09999999999999999,0.42979246
-0.11,0.42979005
-0.12,0.42978764
-0.13,0.42978516
-0.14,0.42978263
-0.15000000000000002,0.42978
-0.16,0.42977738
-0.17,0.42977467
-0.18000000000000002,0.4297719
-0.19,0.42976904
-0.2,0.42976618
-0.21000000000000002,0.4297632
-0.22,0.42976016
-0.23,0.42975712
-0.24000000000000002,0.42975393
-0.25,0.42975074
-0.26,0.42974746
-0.27,0.42974412
-0.28,0.42974073
-0.29000000000000004,0.42973724
-0.3,0.42973372
-0.31,0.42973012
-0.32,0.42972642
-0.33,0.42972267
-0.34,0.42971885
-0.35000000000000003,0.42971495
-0.36000000000000004,0.42971098
-0.37,0.429707
-0.38,0.42970288
-0.39,0.4296987
-0.4,0.42969447
-0.41000000000000003,0.42969012
-0.42000000000000004,0.42968577
-0.43,0.4296813
-0.44,0.4296767
-0.45,0.42967212
-0.46,0.42966747
-0.47000000000000003,0.42966264
-0.48000000000000004,0.42965782
-0.49,0.4296529
-0.5,0.42964792
-0.51,0.42964286
-0.52,0.42963767
-0.53,0.42963243
-0.54,0.42962712
-0.55,0.4296217
-0.56,0.42961627
-0.5700000000000001,0.42961073
-0.5800000000000001,0.42960507
-0.59,0.42959937
-0.6,0.42959356
-0.61,0.42958772
-0.62,0.4295817
-0.63,0.42957568
-0.64,0.42956957
-0.65,0.42956334
-0.66,0.42955709
-0.67,0.4295507
-0.68,0.4295442
-0.6900000000000001,0.4295377
-0.7000000000000001,0.42953107
-0.7100000000000001,0.42952436
-0.72,0.42951754
-0.73,0.42951065
-0.74,0.4295037
-0.75,0.42949665
-0.76,0.4294895
-0.77,0.42948228
-0.78,0.42947498
-0.79,0.42946756
-0.8,0.4294601
-0.81,0.42945254
-0.8200000000000001,0.42944485
-0.8300000000000001,0.4294371
-0.8400000000000001,0.4294293
-0.85,0.42942137
-0.86,0.42941338
-0.87,0.42940527
-0.88,0.4293971
-0.89,0.42938885
-0.9,0.42938048
-0.91,0.42937207
-0.92,0.42936355
-0.93,0.42935497
-0.9400000000000001,0.42934626
-0.9500000000000001,0.42933744
-0.9600000000000001,0.42932856
-0.97,0.42931965
-0.98,0.42931056
-0.99,0.42930144
-1.0,0.4292922
-1.01,0.42928293
-1.02,0.4292735
-1.03,0.42926407
-1.04,0.42925447
-1.05,0.42924482
-1.06,0.4292351
-1.07,0.42922527
-1.08,0.42921537
-1.09,0.4292054
-1.1,0.4291953
-1.11,0.42918515
-1.12,0.4291749
-1.1300000000000001,0.42916453
-1.1400000000000001,0.42915413
-1.1500000000000001,0.42914364
-1.1600000000000001,0.42913306
-1.17,0.4291224
-1.18,0.4291116
-1.19,0.42910075
-1.2,0.42908984
-1.21,0.42907885
-1.22,0.42906776
-1.23,0.42905658
-1.24,0.42904535
-1.25,0.429034
-1.26,0.4290226
-1.27,0.42901105
-1.28,0.4289995
-1.29,0.42898783
-1.3,0.42897612
-1.31,0.42896426
-1.32,0.42895234
-1.33,0.42894042
-1.34,0.42892832
-1.35,0.42891616
-1.36,0.42890394
-1.37,0.42889163
-1.3800000000000001,0.42887926
-1.3900000000000001,0.4288668
-1.4000000000000001,0.4288543
-1.4100000000000001,0.42884165
-1.42,0.42882895
-1.43,0.4288162
-1.44,0.42880338
-1.45,0.42879045
-1.46,0.4287775
-1.47,0.4287644
-1.48,0.42875123
-1.49,0.42873806
-1.5,0.42872477
-1.51,0.42871138
-1.52,0.42869794
-1.53,0.4286844
-1.54,0.42867085
-1.55,0.4286572
-1.56,0.42864347
-1.57,0.4286297
-1.58,0.4286158
-1.59,0.42860186
-1.6,0.42858788
-1.61,0.4285738
-1.62,0.42855966
-1.6300000000000001,0.42854542
-1.6400000000000001,0.42853117
-1.6500000000000001,0.4285168
-1.6600000000000001,0.42850238
-1.6700000000000002,0.4284879
-1.68,0.42847332
-1.69,0.42845872
-1.7,0.42844403
-1.71,0.4284293
-1.72,0.42841446
-1.73,0.4283996
-1.74,0.42838466
-1.75,0.42836964
-1.76,0.4283546
-1.77,0.42833942
-1.78,0.42832425
-1.79,0.428309
-1.8,0.4282937
-1.81,0.42827827
-1.82,0.42826283
-1.83,0.42824733
-1.84,0.42823178
-1.85,0.42821616
-1.86,0.42820048
-1.87,0.42818475
-1.8800000000000001,0.42816895
-1.8900000000000001,0.4281531
-1.9000000000000001,0.42813718
-1.9100000000000001,0.42812124
-1.9200000000000002,0.42810518
-1.93,0.42808908
-1.94,0.428073
-1.95,0.42805678
-1.96,0.4280405
-1.97,0.4280242
-1.98,0.42800787
-1.99,0.42799145
-2.0,0.427975
-2.01,0.4279585
-2.02,0.42794192
-2.03,0.4279253
-2.04,0.4279086
-2.05,0.42789185
-2.0599999999999996,0.4278751
-2.07,0.42785823
-2.0799999999999996,0.42784137
-2.09,0.42782447
-2.0999999999999996,0.4278075
-2.11,0.42779046
-2.1199999999999997,0.4277734
-2.13,0.42775625
-2.1399999999999997,0.42773908
-2.15,0.42772186
-2.1599999999999997,0.42770457
-2.17,0.4276873
-2.1799999999999997,0.42766994
-2.19,0.42765254
-2.1999999999999997,0.42763507
-2.21,0.42761755
-2.2199999999999998,0.42760003
-2.23,0.42758244
-2.2399999999999998,0.4275648
-2.25,0.4275471
-2.26,0.4275294
-2.27,0.42751166
-2.28,0.42749384
-2.29,0.427476
-2.3,0.42745808
-2.31,0.42744017
-2.32,0.42742217
-2.3299999999999996,0.42740417
-2.34,0.4273861
-2.3499999999999996,0.42736802
-2.36,0.42734987
-2.3699999999999997,0.4273317
-2.38,0.42731345
-2.3899999999999997,0.4272952
-2.4,0.4272769
-2.4099999999999997,0.42725858
-2.42,0.4272402
-2.4299999999999997,0.42722178
-2.44,0.42720333
-2.4499999999999997,0.42718488
-2.46,0.42716628
-2.4699999999999998,0.42714775
-2.48,0.42712915
-2.4899999999999998,0.42711052
-2.5,0.42709184
-2.51,0.42707312
-2.52,0.4270544
-2.53,0.42703557
-2.54,0.4270168
-2.55,0.42699793
-2.56,0.426979
-2.57,0.4269601
-2.5799999999999996,0.42694116
-2.59,0.42692214
-2.5999999999999996,0.42690313
-2.61,0.42688406
-2.6199999999999997,0.42686498
-2.63,0.42684588
-2.6399999999999997,0.4268267
-2.65,0.4268075
-2.6599999999999997,0.42678833
-2.67,0.42676902
-2.6799999999999997,0.42674974
-2.69,0.42673042
-2.6999999999999997,0.42671105
-2.71,0.4266917
-2.7199999999999998,0.42667228
-2.73,0.42665285
-2.7399999999999998,0.42663336
-2.75,0.42661387
-2.76,0.42659432
-2.77,0.42657477
-2.78,0.42655513
-2.79,0.42653555
-2.8,0.42651588
-2.81,0.4264962
-2.82,0.42647648
-2.8299999999999996,0.42645675
-2.84,0.42643696
-2.8499999999999996,0.4264172
-2.86,0.42639732
-2.8699999999999997,0.42637748
-2.88,0.42635763
-2.8899999999999997,0.4263377
-2.9,0.42631775
-2.9099999999999997,0.42629778
-2.92,0.4262778
-2.9299999999999997,0.42625776
-2.94,0.4262377
-2.9499999999999997,0.42621762
-2.96,0.42619753
-2.9699999999999998,0.42617738
-2.98,0.42615724
-2.9899999999999998,0.42613706
-3.0,0.42611685
-3.01,0.42609662
-3.02,0.42607635
-3.03,0.42605603
-3.04,0.42603576
-3.05,0.42601544
-3.06,0.42599505
-3.07,0.42597467
-3.08,0.42595428
-3.09,0.42593384
-3.0999999999999996,0.42591333
-3.11,0.42589286
-3.1199999999999997,0.42587233
-3.13,0.42585182
-3.1399999999999997,0.42583126
-3.15,0.4258107
-3.1599999999999997,0.42579007
-3.17,0.4257694
-3.1799999999999997,0.42574877
-3.19,0.42572805
-3.1999999999999997,0.42570734
-3.21,0.42568663
-3.2199999999999998,0.4256659
-3.23,0.4256451
-3.2399999999999998,0.4256243
-3.25,0.42560345
-3.26,0.42558265
-3.27,0.42556173
-3.28,0.42554086
-3.29,0.42551994
-3.3,0.425499
-3.31,0.42547804
-3.32,0.42545706
-3.33,0.42543608
-3.34,0.425415
-3.3499999999999996,0.42539394
-3.36,0.42537287
-3.3699999999999997,0.4253518
-3.38,0.42533064
-3.3899999999999997,0.4253095
-3.4,0.42528838
-3.4099999999999997,0.42526716
-3.42,0.42524594
-3.4299999999999997,0.42522472
-3.44,0.42520347
-3.4499999999999997,0.42518216
-3.46,0.42516088
-3.4699999999999998,0.42513958
-3.48,0.4251182
-3.4899999999999998,0.42509687
-3.5,0.42507547
-3.51,0.42505407
-3.52,0.42503262
-3.53,0.4250112
-3.54,0.4249897
-3.55,0.4249682
-3.56,0.42494673
-3.57,0.4249252
-3.58,0.42490363
-3.59,0.42488202
-3.5999999999999996,0.42486045
-3.61,0.42483884
-3.6199999999999997,0.4248172
-3.63,0.4247955
-3.6399999999999997,0.42477384
-3.65,0.42475212
-3.6599999999999997,0.42473042
-3.67,0.42470866
-3.6799999999999997,0.4246869
-3.69,0.4246651
-3.6999999999999997,0.42464328
-3.71,0.4246215
-3.7199999999999998,0.42459962
-3.73,0.42457777
-3.7399999999999998,0.42455584
-3.75,0.42453396
-3.76,0.42451203
-3.77,0.4244901
-3.78,0.4244681
-3.79,0.4244461
-3.8,0.42442408
-3.81,0.42440206
-3.82,0.42438
-3.83,0.4243579
-3.84,0.4243358
-3.8499999999999996,0.4243137
-3.86,0.42429155
-3.8699999999999997,0.4242694
-3.88,0.42424724
-3.8899999999999997,0.42422503
-3.9,0.4242028
-3.9099999999999997,0.42418057
-3.92,0.4241583
-3.9299999999999997,0.424136
-3.94,0.42411375
-3.9499999999999997,0.42409143
-3.96,0.42406908
-3.9699999999999998,0.4240467
-3.98,0.42402434
-3.9899999999999998,0.42400193
-4.0,0.42397952
-4.01,0.42395708
-4.02,0.42393458
-4.03,0.42391214
-4.04,0.42388964
-4.05,0.4238671
-4.06,0.42384455
-4.07,0.423822
-4.08,0.42379943
-4.09,0.4237768
-4.1,0.4237542
-4.109999999999999,0.42373154
-4.12,0.4237089
-4.13,0.4236862
-4.14,0.42366353
-4.1499999999999995,0.4236408
-4.16,0.42361802
-4.17,0.42359528
-4.18,0.42357248
-4.1899999999999995,0.4235497
-4.2,0.42352685
-4.21,0.42350402
-4.22,0.42348117
-4.2299999999999995,0.42345828
-4.24,0.42343536
-4.25,0.42341244
-4.26,0.4233895
-4.27,0.42336655
-4.28,0.42334354
-4.29,0.42332053
-4.3,0.42329752
-4.31,0.4232745
-4.32,0.4232514
-4.33,0.42322832
-4.34,0.4232052
-4.35,0.4231821
-4.36,0.42315894
-4.37,0.42313582
-4.38,0.42311263
-4.39,0.4230894
-4.3999999999999995,0.4230662
-4.41,0.42304295
-4.42,0.42301968
-4.43,0.4229964
-4.4399999999999995,0.4229731
-4.45,0.4229498
-4.46,0.4229264
-4.47,0.42290306
-4.4799999999999995,0.4228797
-4.49,0.42285627
-4.5,0.4228329
-4.51,0.42280936
-4.52,0.42278597
-4.53,0.42276245
-4.54,0.42273897
-4.55,0.42271543
-4.56,0.4226919
-4.57,0.42266834
-4.58,0.42264473
-4.59,0.42262113
-4.6,0.42259753
-4.61,0.42257386
-4.62,0.4225502
-4.63,0.42252654
-4.64,0.42250282
-4.6499999999999995,0.4224791
-4.66,0.42245537
-4.67,0.42243165
-4.68,0.4224078
-4.6899999999999995,0.42238402
-4.7,0.42236018
-4.71,0.42233634
-4.72,0.42231247
-4.7299999999999995,0.4222886
-4.74,0.4222647
-4.75,0.4222408
-4.76,0.42221683
-4.77,0.42219287
-4.78,0.42216888
-4.79,0.42214486
-4.8,0.42212087
-4.81,0.4220968
-4.82,0.42207277
-4.83,0.42204863
-4.84,0.42202455
-4.85,0.42200047
-4.86,0.42197627
-4.87,0.42195213
-4.88,0.42192796
-4.89,0.42190373
-4.8999999999999995,0.42187953
-4.91,0.42185527
-4.92,0.421831
-4.93,0.4218067
-4.9399999999999995,0.42178243
-4.95,0.4217581
-4.96,0.42173374
-4.97,0.42170942
-4.9799999999999995,0.42168498
-4.99,0.4216606
-5.0,0.42163616
-5.01,0.42161176
-5.02,0.42158726
-5.03,0.4215628
-5.04,0.42153826
-5.05,0.42151377
-5.06,0.4214892
-5.07,0.42146465
-5.08,0.42144006
-5.09,0.42141545
-5.1,0.4213909
-5.11,0.4213662
-5.12,0.42134154
-5.13,0.42131686
-5.14,0.42129216
-5.1499999999999995,0.42126745
-5.16,0.4212427
-5.17,0.42121795
-5.18,0.42119312
-5.1899999999999995,0.42116836
-5.2,0.42114353
-5.21,0.42111868
-5.22,0.42109382
-5.2299999999999995,0.42106897
-5.24,0.42104405
-5.25,0.42101914
-5.26,0.42099416
-5.27,0.42096925
-5.28,0.42094427
-5.29,0.42091924
-5.3,0.42089424
-5.31,0.42086914
-5.32,0.42084414
-5.33,0.42081904
-5.34,0.42079395
-5.35,0.42076883
-5.36,0.42074367
-5.37,0.4207185
-5.38,0.42069334
-5.39,0.42066813
-5.3999999999999995,0.4206429
-5.41,0.4206177
-5.42,0.42059243
-5.43,0.42056715
-5.4399999999999995,0.42054188
-5.45,0.42051655
-5.46,0.42049122
-5.47,0.42046586
-5.4799999999999995,0.4204405
-5.49,0.4204151
-5.5,0.42038965
-5.51,0.42036426
-5.52,0.42033875
-5.53,0.4203133
-5.54,0.42028782
-5.55,0.42026234
-5.56,0.42023677
-5.57,0.42021126
-5.58,0.42018566
-5.59,0.42016008
-5.6,0.42013445
-5.61,0.42010885
-5.62,0.42008317
-5.63,0.42005754
-5.64,0.42003185
-5.6499999999999995,0.42000613
-5.66,0.4199804
-5.67,0.41995466
-5.68,0.4199289
-5.6899999999999995,0.4199031
-5.7,0.4198773
-5.71,0.41985148
-5.72,0.41982564
-5.7299999999999995,0.41979977
-5.74,0.41977394
-5.75,0.419748
-5.76,0.41972208
-5.77,0.41969615
-5.78,0.41967022
-5.79,0.41964424
-5.8,0.41961822
-5.81,0.4195922
-5.82,0.41956615
-5.83,0.4195401
-5.84,0.41951406
-5.85,0.41948795
-5.86,0.41946185
-5.87,0.41943574
-5.88,0.4194096
-5.89,0.4193834
-5.8999999999999995,0.4193572
-5.91,0.419331
-5.92,0.4193048
-5.93,0.41927856
-5.9399999999999995,0.41925234
-5.95,0.41922602
-5.96,0.41919973
-5.97,0.41917342
-5.9799999999999995,0.41914707
-5.99,0.41912073
-6.0,0.41909435
-6.01,0.41906798
-6.02,0.41904157
-6.03,0.4190151
-6.04,0.41898867
-6.05,0.41896224
-6.06,0.41893578
-6.07,0.41890922
-6.08,0.41888273
-6.09,0.41885617
-6.1,0.41882962
-6.11,0.41880304
-6.12,0.41877645
-6.13,0.4187498
-6.14,0.4187232
-6.15,0.41869658
-6.16,0.41866988
-6.17,0.41864318
-6.18,0.41861647
-6.1899999999999995,0.41858977
-6.2,0.418563
-6.21,0.41853625
-6.22,0.41850948
-6.2299999999999995,0.41848266
-6.24,0.41845587
-6.25,0.41842902
-6.26,0.41840217
-6.27,0.4183753
-6.28,0.41834843
-6.29,0.4183215
-6.3,0.41829458
-6.31,0.41826767
-6.32,0.41824073
-6.33,0.41821373
-6.34,0.41818672
-6.35,0.41815972
-6.36,0.41813266
-6.37,0.4181056
-6.38,0.41807857
-6.39,0.41805148
-6.4,0.41802436
-6.41,0.41799724
-6.42,0.4179701
-6.43,0.41794294
-6.4399999999999995,0.4179158
-6.45,0.41788858
-6.46,0.4178614
-6.47,0.41783416
-6.4799999999999995,0.41780692
-6.49,0.41777965
-6.5,0.4177524
-6.51,0.4177251
-6.52,0.4176978
-6.53,0.41767043
-6.54,0.4176431
-6.55,0.41761574
-6.56,0.41758835
-6.57,0.41756096
-6.58,0.41753355
-6.59,0.4175061
-6.6,0.41747865
-6.61,0.4174512
-6.62,0.4174237
-6.63,0.4173962
-6.64,0.41736868
-6.65,0.41734117
-6.66,0.41731358
-6.67,0.41728604
-6.68,0.41725844
-6.6899999999999995,0.41723084
-6.7,0.4172032
-6.71,0.41717553
-6.72,0.41714793
-6.7299999999999995,0.41712028
-6.74,0.41709256
-6.75,0.41706485
-6.76,0.41703713
-6.77,0.4170094
-6.78,0.41698164
-6.79,0.41695386
-6.8,0.4169261
-6.81,0.4168983
-6.82,0.41687047
-6.83,0.41684264
-6.84,0.41681474
-6.85,0.4167869
-6.86,0.416759
-6.87,0.41673112
-6.88,0.41670316
-6.89,0.41667527
-6.9,0.41664732
-6.91,0.41661936
-6.92,0.41659138
-6.93,0.4165634
-6.9399999999999995,0.41653538
-6.95,0.4165073
-6.96,0.4164793
-6.97,0.41645122
-6.9799999999999995,0.41642314
-6.99,0.41639507
-7.0,0.41636693
-7.01,0.4163388
-7.02,0.41631067
-7.03,0.41628247
-7.04,0.4162543
-7.05,0.41622615
-7.06,0.41619793
-7.07,0.4161697
-7.08,0.41614148
-7.09,0.4161132
-7.1,0.41608495
-7.11,0.41605663
-7.12,0.41602838
-7.13,0.416
-7.14,0.41597173
-7.15,0.41594335
-7.16,0.415915
-7.17,0.41588664
-7.18,0.41585824
-7.1899999999999995,0.41582984
-7.2,0.4158014
-7.21,0.41577297
-7.22,0.4157445
-7.2299999999999995,0.41571605
-7.24,0.41568756
-7.25,0.41565907
-7.26,0.41563058
-7.27,0.41560203
-7.28,0.41557348
-7.29,0.41554493
-7.3,0.41551638
-7.31,0.41548777
-7.32,0.4154592
-7.33,0.41543055
-7.34,0.41540194
-7.35,0.41537327
-7.36,0.41534463
-7.37,0.41531593
-7.38,0.41528726
-7.39,0.41525856
-7.4,0.41522983
-7.41,0.4152011
-7.42,0.41517234
-7.43,0.41514355
-7.4399999999999995,0.41511482
-7.45,0.415086
-7.46,0.41505718
-7.47,0.4150284
-7.4799999999999995,0.41499954
-7.49,0.4149707
-7.5,0.41494185
-7.51,0.41491297
-7.52,0.4148841
-7.53,0.41485518
-7.54,0.41482624
-7.55,0.4147973
-7.56,0.41476834
-7.57,0.41473943
-7.58,0.41471043
-7.59,0.41468146
-7.6,0.41465247
-7.61,0.41462344
-7.62,0.4145944
-7.63,0.41456535
-7.64,0.4145363
-7.65,0.4145072
-7.66,0.41447815
-7.67,0.41444904
-7.68,0.41441995
-7.6899999999999995,0.41439083
-7.7,0.4143617
-7.71,0.4143325
-7.72,0.41430336
-7.7299999999999995,0.41427416
-7.74,0.41424498
-7.75,0.41421577
-7.76,0.41418657
-7.77,0.41415733
-7.78,0.41412807
-7.79,0.41409883
-7.8,0.41406956
-7.81,0.41404027
-7.82,0.41401097
-7.83,0.41398168
-7.84,0.41395235
-7.85,0.41392303
-7.86,0.41389364
-7.87,0.41386425
-7.88,0.41383493
-7.89,0.41380554
-7.9,0.41377613
-7.91,0.4137467
-7.92,0.41371733
-7.93,0.41368783
-7.94,0.41365838
-7.95,0.41362894
-7.96,0.4135995
-7.97,0.41357
-7.9799999999999995,0.41354048
-7.99,0.41351095
-8.0,0.41348147
-8.01,0.4134519
-8.02,0.41342235
-8.03,0.41339278
-8.04,0.4133632
-8.05,0.41333362
-8.06,0.41330403
-8.07,0.4132744
-8.08,0.41324478
-8.09,0.41321516
-8.1,0.41318548
-8.11,0.41315582
-8.12,0.41312617
-8.13,0.4130965
-8.14,0.41306674
-8.15,0.41303706
-8.16,0.41300738
-8.17,0.4129776
-8.18,0.4129479
-8.19,0.4129181
-8.2,0.41288835
-8.209999999999999,0.4128586
-8.22,0.4128288
-8.23,0.41279894
-8.24,0.4127692
-8.25,0.41273934
-8.26,0.41270953
-8.27,0.41267967
-8.28,0.41264978
-8.29,0.41261995
-8.3,0.41259003
-8.31,0.41256016
-8.32,0.41253024
-8.33,0.41250035
-8.34,0.4124704
-8.35,0.41244048
-8.36,0.4124105
-8.37,0.41238058
-8.38,0.4123506
-8.39,0.41232058
-8.4,0.4122906
-8.41,0.4122606
-8.42,0.4122306
-8.43,0.41220057
-8.44,0.41217053
-8.45,0.4121405
-8.459999999999999,0.4121104
-8.47,0.41208035
-8.48,0.41205028
-8.49,0.41202018
-8.5,0.41199005
-8.51,0.41195995
-8.52,0.41192985
-8.53,0.4118997
-8.54,0.41186956
-8.55,0.41183943
-8.56,0.41180927
-8.57,0.41177905
-8.58,0.41174886
-8.59,0.41171867
-8.6,0.41168845
-8.61,0.4116583
-8.62,0.41162804
-8.63,0.4115978
-8.64,0.41156754
-8.65,0.4115373
-8.66,0.411507
-8.67,0.41147673
-8.68,0.41144642
-8.69,0.41141614
-8.7,0.41138583
-8.71,0.41135553
-8.72,0.41132516
-8.73,0.41129482
-8.74,0.41126448
-8.75,0.41123414
-8.76,0.41120374
-8.77,0.4111734
-8.78,0.41114303
-8.79,0.4111126
-8.8,0.4110822
-8.81,0.41105178
-8.82,0.41102138
-8.83,0.41099092
-8.84,0.4109605
-8.85,0.41093004
-8.86,0.41089952
-8.87,0.4108691
-8.88,0.4108386
-8.89,0.41080812
-8.9,0.41077763
-8.91,0.41074708
-8.92,0.41071653
-8.93,0.41068605
-8.94,0.4106555
-8.95,0.41062495
-8.96,0.4105944
-8.97,0.41056383
-8.98,0.41053325
-8.99,0.41050267
-9.0,0.4104721
-9.01,0.41044146
-9.02,0.41041085
-9.03,0.41038024
-9.04,0.4103496
-9.05,0.41031894
-9.06,0.4102883
-9.07,0.4102577
-9.08,0.410227
-9.09,0.4101963
-9.1,0.41016564
-9.11,0.41013494
-9.12,0.41010422
-9.13,0.41007352
-9.14,0.41004282
-9.15,0.41001207
-9.16,0.40998137
-9.17,0.4099506
-9.18,0.40991986
-9.19,0.4098891
-9.2,0.40985835
-9.21,0.4098276
-9.22,0.40979677
-9.23,0.409766
-9.24,0.40973517
-9.25,0.4097044
-9.26,0.40967354
-9.27,0.40964273
-9.28,0.40961188
-9.29,0.40958107
-9.3,0.4095502
-9.31,0.4095193
-9.32,0.40948847
-9.33,0.40945756
-9.34,0.4094267
-9.35,0.40939584
-9.36,0.40936494
-9.37,0.40933403
-9.38,0.4093031
-9.39,0.4092722
-9.4,0.40924126
-9.41,0.4092103
-9.42,0.40917933
-9.43,0.4091484
-9.44,0.40911746
-9.45,0.40908647
-9.46,0.40905547
-9.47,0.40902448
-9.48,0.4089935
-9.49,0.40896252
-9.5,0.4089315
-9.51,0.4089005
-9.52,0.40886948
-9.53,0.40883845
-9.54,0.4088074
-9.55,0.40877634
-9.56,0.4087453
-9.57,0.40871423
-9.58,0.40868318
-9.59,0.40865213
-9.6,0.408621
-9.61,0.40858993
-9.62,0.40855885
-9.63,0.4085277
-9.64,0.40849662
-9.65,0.4084655
-9.66,0.4084344
-9.67,0.40840322
-9.68,0.4083721
-9.69,0.40834096
-9.7,0.40830982
-9.71,0.40827864
-9.72,0.40824753
-9.73,0.4082163
-9.74,0.40818515
-9.75,0.408154
-9.76,0.40812278
-9.77,0.40809155
-9.78,0.40806037
-9.79,0.40802914
-9.8,0.40799794
-9.81,0.40796673
-9.82,0.40793547
-9.83,0.4079042
-9.84,0.40787297
-9.85,0.4078417
-9.86,0.40781045
-9.87,0.40777922
-9.88,0.40774792
-9.89,0.40771663
-9.9,0.40768534
-9.91,0.40765405
-9.92,0.40762278
-9.93,0.40759146
-9.94,0.40756014
-9.95,0.40752882
-9.96,0.40749747
-9.97,0.40746617
-9.98,0.40743485
-9.99,0.4074035
-10.0,0.40737218
-10.01,0.4073408
-10.02,0.4073094
-10.03,0.40727806
-10.04,0.4072467
-10.05,0.4072153
-10.06,0.4071839
-10.07,0.40715253
-10.08,0.40712112
-10.09,0.40708974
-10.1,0.4070583
-10.11,0.4070269
-10.12,0.40699548
-10.13,0.40696406
-10.14,0.40693265
-10.15,0.4069012
-10.16,0.40686974
-10.17,0.4068383
-10.18,0.40680683
-10.19,0.4067754
-10.2,0.4067439
-10.21,0.4067124
-10.22,0.40668094
-10.23,0.40664947
-10.24,0.406618
-10.25,0.40658647
-10.26,0.406555
-10.27,0.4065235
-10.28,0.406492
-10.29,0.40646046
-10.3,0.40642893
-10.31,0.4063974
-10.32,0.40636587
-10.33,0.40633434
-10.34,0.4063028
-10.35,0.40627125
-10.36,0.40623966
-10.37,0.40620816
-10.38,0.40617657
-10.39,0.40614498
-10.4,0.4061134
-10.41,0.40608186
-10.42,0.40605024
-10.43,0.4060186
-10.44,0.40598708
-10.45,0.40595543
-10.46,0.40592387
-10.47,0.40589225
-10.48,0.4058606
-10.49,0.405829
-10.5,0.40579736
-10.51,0.40576577
-10.52,0.40573412
-10.53,0.40570247
-10.54,0.40567085
-10.55,0.40563917
-10.56,0.40560752
-10.57,0.40557587
-10.58,0.40554422
-10.59,0.40551257
-10.6,0.40548086
-10.61,0.40544915
-10.62,0.4054175
-10.63,0.4053858
-10.64,0.4053541
-10.65,0.40532243
-10.66,0.40529072
-10.67,0.405259
-10.68,0.4052273
-10.69,0.4051956
-10.7,0.40516388
-10.71,0.40513214
-10.72,0.4051004
-10.73,0.40506867
-10.74,0.40503693
-10.75,0.4050052
-10.76,0.40497345
-10.77,0.40494174
-10.78,0.40490997
-10.79,0.4048782
-10.8,0.40484643
-10.81,0.40481466
-10.82,0.4047829
-10.83,0.4047511
-10.84,0.4047193
-10.85,0.40468755
-10.86,0.40465575
-10.87,0.40462393
-10.88,0.40459216
-10.89,0.40456036
-10.9,0.40452856
-10.91,0.40449673
-10.92,0.40446496
-10.93,0.40443313
-10.94,0.4044013
-10.95,0.40436947
-10.96,0.40433764
-10.97,0.4043058
-10.98,0.404274
-10.99,0.40424213
-11.0,0.40421027
-11.01,0.40417838
-11.02,0.40414655
-11.03,0.40411472
-11.04,0.40408283
-11.05,0.404051
-11.06,0.40401912
-11.07,0.4039873
-11.08,0.4039554
-11.09,0.4039235
-11.1,0.40389162
-11.11,0.40385973
-11.12,0.40382785
-11.13,0.40379596
-11.14,0.40376407
-11.15,0.40373215
-11.16,0.40370023
-11.17,0.40366834
-11.18,0.4036364
-11.19,0.4036045
-11.2,0.4035726
-11.21,0.4035407
-11.22,0.40350875
-11.23,0.40347683
-11.24,0.4034449
-11.25,0.40341297
-11.26,0.40338102
-11.27,0.4033491
-11.28,0.40331712
-11.29,0.4032852
-11.3,0.40325326
-11.31,0.40322128
-11.32,0.4031893
-11.33,0.40315735
-11.34,0.40312538
-11.35,0.40309337
-11.36,0.40306145
-11.37,0.40302944
-11.38,0.40299746
-11.39,0.40296552
-11.4,0.40293354
-11.41,0.40290153
-11.42,0.40286958
-11.43,0.40283757
-11.44,0.40280557
-11.45,0.4027736
-11.46,0.40274155
-11.47,0.40270954
-11.48,0.40267757
-11.49,0.40264556
-11.5,0.40261352
-11.51,0.4025815
-11.52,0.4025495
-11.53,0.40251744
-11.54,0.40248543
-11.55,0.40245342
-11.56,0.40242139
-11.57,0.40238935
-11.58,0.40235728
-11.59,0.40232527
-11.6,0.4022932
-11.61,0.4022612
-11.62,0.40222913
-11.63,0.4021971
-11.64,0.40216506
-11.65,0.402133
-11.66,0.40210092
-11.67,0.40206885
-11.68,0.4020368
-11.69,0.40200472
-11.7,0.40197265
-11.71,0.40194058
-11.72,0.40190852
-11.73,0.40187645
-11.74,0.40184435
-11.75,0.40181226
-11.76,0.40178025
-11.77,0.40174812
-11.78,0.40171605
-11.79,0.40168393
-11.8,0.40165186
-11.81,0.40161973
-11.82,0.40158767
-11.83,0.40155554
-11.84,0.40152344
-11.85,0.4014914
-11.86,0.40145928
-11.87,0.40142715
-11.88,0.40139502
-11.89,0.4013629
-11.9,0.40133077
-11.91,0.4012987
-11.92,0.40126655
-11.93,0.40123442
-11.94,0.40120232
-11.95,0.40117016
-11.96,0.40113807
-11.97,0.40110588
-11.98,0.40107375
-11.99,0.40104163
-12.0,0.4010095
-12.01,0.40097737
-12.02,0.40094525
-12.03,0.40091306
-12.040000000000001,0.40088093
-12.05,0.40084878
-12.06,0.40081662
-12.07,0.4007845
-12.08,0.40075234
-12.09,0.40072018
-12.1,0.40068802
-12.11,0.40065587
-12.12,0.4006237
-12.13,0.40059155
-12.14,0.40055937
-12.15,0.4005272
-12.16,0.40049505
-12.17,0.40046287
-12.18,0.40043068
-12.19,0.40039852
-12.2,0.40036637
-12.21,0.40033415
-12.22,0.400302
-12.23,0.4002698
-12.24,0.40023762
-12.25,0.40020543
-12.26,0.40017325
-12.27,0.40014106
-12.28,0.40010887
-12.290000000000001,0.4000767
-12.3,0.40004444
-12.31,0.4000123
-12.32,0.3999801
-12.33,0.39994788
-12.34,0.39991572
-12.35,0.3998835
-12.36,0.3998513
-12.37,0.39981908
-12.38,0.3997869
-12.39,0.3997547
-12.4,0.39972246
-12.41,0.39969027
-12.42,0.39965805
-12.43,0.39962584
-12.44,0.39959362
-12.45,0.3995614
-12.46,0.3995292
-12.47,0.39949697
-12.48,0.3994648
-12.49,0.39943254
-12.5,0.3994003
-12.51,0.3993681
-12.52,0.39933586
-12.53,0.39930364
-12.540000000000001,0.3992714
-12.55,0.39923918
-12.56,0.39920694
-12.57,0.3991747
-12.58,0.39914247
-12.59,0.39911026
-12.6,0.399078
-12.61,0.39904577
-12.62,0.39901355
-12.63,0.39898127
-12.64,0.39894906
-12.65,0.39891684
-12.66,0.3988846
-12.67,0.39885235
-12.68,0.3988201
-12.69,0.39878786
-12.7,0.3987556
-12.71,0.39872333
-12.72,0.3986911
-12.73,0.39865887
-12.74,0.3986266
-12.75,0.39859438
-12.76,0.3985621
-12.77,0.39852983
-12.78,0.39849758
-12.790000000000001,0.39846534
-12.8,0.3984331
-12.81,0.39840084
-12.82,0.3983686
-12.83,0.3983363
-12.84,0.39830405
-12.85,0.39827174
-12.86,0.3982395
-12.87,0.39820725
-12.88,0.398175
-12.89,0.39814273
-12.9,0.39811045
-12.91,0.3980782
-12.92,0.3980459
-12.93,0.39801365
-12.94,0.3979814
-12.95,0.3979491
-12.96,0.39791685
-12.97,0.3978846
-12.98,0.3978523
-12.99,0.39782006
-13.0,0.39778775
-13.01,0.39775547
-13.02,0.39772323
-13.03,0.39769095
-13.040000000000001,0.39765865
-13.05,0.3976264
-13.06,0.3975941
-13.07,0.39756185
-13.08,0.39752954
-13.09,0.3974973
-13.1,0.397465
-13.11,0.39743274
-13.12,0.39740044
-13.13,0.39736816
-13.14,0.39733586
-13.15,0.39730358
-13.16,0.39727128
-13.17,0.39723903
-13.18,0.39720672
-13.19,0.39717442
-13.2,0.39714217
-13.21,0.3971099
-13.22,0.3970776
-13.23,0.39704534
-13.24,0.397013
-13.25,0.3969807
-13.26,0.39694843
-13.27,0.39691618
-13.28,0.39688385
-13.290000000000001,0.39685157
-13.3,0.3968193
-13.31,0.39678702
-13.32,0.39675468
-13.33,0.39672244
-13.34,0.39669013
-13.35,0.39665782
-13.36,0.39662558
-13.37,0.39659327
-13.38,0.39656094
-13.39,0.3965287
-13.4,0.39649636
-13.41,0.3964641
-13.42,0.3964318
-13.43,0.3963995
-13.44,0.3963672
-13.45,0.39633495
-13.46,0.39630264
-13.47,0.39627036
-13.48,0.39623803
-13.49,0.39620572
-13.5,0.39617348
-13.51,0.39614117
-13.52,0.39610887
-13.53,0.39607656
-13.540000000000001,0.39604428
-13.55,0.39601198
-13.56,0.3959797
-13.57,0.3959474
-13.58,0.3959151
-13.59,0.39588282
-13.6,0.3958505
-13.61,0.3958182
-13.62,0.39578593
-13.63,0.39575362
-13.64,0.39572132
-13.65,0.395689
-13.66,0.39565676
-13.67,0.3956245
-13.68,0.39559215
-13.69,0.39555985
-13.7,0.39552754
-13.71,0.3954953
-13.72,0.39546296
-13.73,0.39543068
-13.74,0.3953984
-13.75,0.39536607
-13.76,0.3953338
-13.77,0.39530152
-13.78,0.39526922
-13.790000000000001,0.3952369
-13.8,0.39520463
-13.81,0.39517233
-13.82,0.39514005
-13.83,0.39510775
-13.84,0.39507544
-13.85,0.39504313
-13.86,0.3950109
-13.87,0.39497855
-13.88,0.39494628
-13.89,0.39491397
-13.9,0.39488173
-13.91,0.39484942
-13.92,0.3948171
-13.93,0.3947848
-13.94,0.39475253
-13.95,0.39472026
-13.96,0.39468795
-13.97,0.39465564
-13.98,0.39462337
-13.99,0.3945911
-14.0,0.3945588
-14.01,0.39452654
-14.02,0.39449424
-14.03,0.394462
-14.040000000000001,0.39442965
-14.05,0.39439738
-14.06,0.39436507
-14.07,0.39433277
-14.08,0.39430052
-14.09,0.39426824
-14.1,0.3942359
-14.11,0.39420366
-14.12,0.39417136
-14.13,0.3941391
-14.14,0.3941068
-14.15,0.39407456
-14.16,0.39404225
-14.17,0.39400995
-14.18,0.3939777
-14.19,0.3939454
-14.2,0.39391312
-14.21,0.39388084
-14.22,0.3938486
-14.23,0.3938163
-14.24,0.39378405
-14.25,0.39375174
-14.26,0.39371946
-14.27,0.3936872
-14.28,0.39365494
-14.290000000000001,0.39362264
-14.3,0.3935904
-14.31,0.39355808
-14.32,0.39352584
-14.33,0.39349353
-14.34,0.39346132
-14.35,0.393429
-14.36,0.39339674
-14.37,0.39336446
-14.38,0.39333218
-14.39,0.39329994
-14.4,0.39326766
-14.41,0.3932354
-14.42,0.39320314
-14.43,0.39317086
-14.44,0.39313862
-14.45,0.39310634
-14.46,0.3930741
-14.47,0.39304185
-14.48,0.39300954
-14.49,0.3929773
-14.5,0.39294502
-14.51,0.3929128
-14.52,0.39288053
-14.53,0.39284828
-14.540000000000001,0.392816
-14.55,0.39278376
-14.56,0.39275151
-14.57,0.39271924
-14.58,0.39268702
-14.59,0.39265472
-14.6,0.39262247
-14.61,0.39259028
-14.62,0.39255798
-14.63,0.39252573
-14.64,0.3924935
-14.65,0.39246124
-14.66,0.39242902
-14.67,0.3923968
-14.68,0.39236456
-14.69,0.3923323
-14.7,0.3923
-14.71,0.39226782
-14.72,0.39223558
-14.73,0.39220333
-14.74,0.39217108
-14.75,0.39213884
-14.76,0.3921066
-14.77,0.39207435
-14.78,0.39204216
-14.790000000000001,0.3920099
-14.8,0.39197767
-14.81,0.39194548
-14.82,0.3919132
-14.83,0.39188096
-14.84,0.39184874
-14.85,0.39181653
-14.86,0.3917843
-14.87,0.39175206
-14.88,0.39171982
-14.89,0.3916876
-14.9,0.3916554
-14.91,0.3916232
-14.92,0.39159095
-14.93,0.39155874
-14.94,0.39152655
-14.95,0.39149433
-14.96,0.3914621
-14.97,0.39142987
-14.98,0.39139768
-14.99,0.39136547
-15.0,0.39133328
-15.01,0.39130107
-15.02,0.39126885
-15.03,0.39123666
-15.040000000000001,0.39120442
-15.05,0.3911722
-15.06,0.39113998
-15.07,0.3911078
-15.08,0.39107564
-15.09,0.39104342
-15.1,0.39101124
-15.11,0.39097902
-15.12,0.3909468
-15.13,0.39091462
-15.14,0.39088246
-15.15,0.39085025
-15.16,0.39081806
-15.17,0.39078587
-15.18,0.3907537
-15.19,0.3907215
-15.2,0.39068934
-15.21,0.39065713
-15.22,0.39062494
-15.23,0.39059275
-15.24,0.39056057
-15.25,0.3905284
-15.26,0.39049625
-15.27,0.39046407
-15.28,0.39043188
-15.290000000000001,0.39039972
-15.3,0.3903675
-15.31,0.39033535
-15.32,0.3903032
-15.33,0.39027104
-15.34,0.39023888
-15.35,0.3902067
-15.36,0.39017457
-15.37,0.39014238
-15.38,0.3901102
-15.39,0.39007807
-15.4,0.39004594
-15.41,0.39001375
-15.42,0.38998157
-15.43,0.38994944
-15.44,0.3899173
-15.45,0.38988513
-15.46,0.389853
-15.47,0.38982084
-15.48,0.3897887
-15.49,0.38975656
-15.5,0.38972443
-15.51,0.38969228
-15.52,0.38966012
-15.53,0.389628
-15.540000000000001,0.38959587
-15.55,0.38956374
-15.56,0.38953158
-15.57,0.38949946
-15.58,0.38946733
-15.59,0.3894352
-15.6,0.3894031
-15.61,0.38937098
-15.620000000000001,0.38933885
-15.63,0.38930672
-15.64,0.3892746
-15.65,0.38924247
-15.66,0.38921037
-15.67,0.38917825
-15.68,0.38914615
-15.69,0.38911402
-15.7,0.3890819
-15.71,0.38904977
-15.72,0.3890177
-15.73,0.38898557
-15.74,0.3889535
-15.75,0.38892138
-15.76,0.3888893
-15.77,0.38885722
-15.78,0.38882512
-15.790000000000001,0.388793
-15.8,0.38876086
-15.81,0.3887288
-15.82,0.38869673
-15.83,0.38866466
-15.84,0.38863254
-15.85,0.38860047
-15.86,0.3885684
-15.870000000000001,0.3885363
-15.88,0.3885042
-15.89,0.38847214
-15.9,0.38844007
-15.91,0.388408
-15.92,0.38837594
-15.93,0.38834387
-15.94,0.3883118
-15.95,0.3882797
-15.96,0.38824764
-15.97,0.38821557
-15.98,0.38818356
-15.99,0.38815147
-16.0,0.3881194
-16.01,0.38808733
-16.020000000000003,0.3880553
-16.03,0.38802326
-16.040000000000003,0.3879912
-16.05,0.38795912
-16.060000000000002,0.38792711
-16.07,0.38789505
-16.080000000000002,0.387863
-16.090000000000003,0.38783097
-16.1,0.38779894
-16.110000000000003,0.3877669
-16.12,0.38773483
-16.130000000000003,0.38770282
-16.14,0.38767081
-16.150000000000002,0.38763875
-16.16,0.38760674
-16.17,0.38757473
-16.180000000000003,0.38754267
-16.19,0.38751066
-16.200000000000003,0.38747862
-16.21,0.38744664
-16.220000000000002,0.38741463
-16.23,0.38738263
-16.240000000000002,0.38735056
-16.250000000000004,0.38731855
-16.26,0.38728654
-16.270000000000003,0.38725454
-16.28,0.38722256
-16.290000000000003,0.38719055
-16.3,0.38715854
-16.310000000000002,0.38712654
-16.32,0.38709456
-16.330000000000002,0.38706255
-16.340000000000003,0.38703057
-16.35,0.3869986
-16.360000000000003,0.3869666
-16.37,0.3869346
-16.380000000000003,0.38690263
-16.39,0.38687065
-16.400000000000002,0.38683867
-16.41,0.3868067
-16.42,0.38677472
-16.430000000000003,0.38674277
-16.44,0.38671076
-16.450000000000003,0.38667879
-16.46,0.38664684
-16.470000000000002,0.38661486
-16.48,0.3865829
-16.490000000000002,0.3865509
-16.500000000000004,0.38651896
-16.51,0.38648704
-16.520000000000003,0.38645506
-16.53,0.3864231
-16.540000000000003,0.38639116
-16.55,0.38635924
-16.560000000000002,0.38632727
-16.57,0.38629535
-16.580000000000002,0.38626343
-16.590000000000003,0.38623145
-16.6,0.38619953
-16.610000000000003,0.3861676
-16.62,0.38613564
-16.630000000000003,0.38610375
-16.64,0.3860718
-16.650000000000002,0.38603985
-16.66,0.38600796
-16.67,0.38597605
-16.680000000000003,0.3859441
-16.69,0.38591218
-16.700000000000003,0.3858803
-16.71,0.38584837
-16.720000000000002,0.38581645
-16.73,0.38578457
-16.740000000000002,0.38575262
-16.750000000000004,0.38572073
-16.76,0.38568884
-16.770000000000003,0.38565695
-16.78,0.38562506
-16.790000000000003,0.38559312
-16.8,0.38556123
-16.810000000000002,0.38552937
-16.82,0.38549745
-16.830000000000002,0.38546556
-16.840000000000003,0.38543367
-16.85,0.3854018
-16.860000000000003,0.38536996
-16.87,0.38533807
-16.880000000000003,0.3853062
-16.89,0.3852743
-16.900000000000002,0.38524246
-16.91,0.38521057
-16.92,0.3851787
-16.930000000000003,0.38514686
-16.94,0.38511497
-16.950000000000003,0.3850831
-16.96,0.38505125
-16.970000000000002,0.38501942
-16.98,0.3849876
-16.990000000000002,0.3849557
-17.000000000000004,0.38492388
-17.01,0.38489202
-17.020000000000003,0.3848602
-17.03,0.38482833
-17.040000000000003,0.3847965
-17.05,0.38476467
-17.060000000000002,0.38473284
-17.07,0.384701
-17.080000000000002,0.38466918
-17.090000000000003,0.38463736
-17.1,0.38460553
-17.110000000000003,0.38457373
-17.12,0.3845419
-17.130000000000003,0.3845101
-17.14,0.38447827
-17.150000000000002,0.38444647
-17.160000000000004,0.38441467
-17.17,0.38438284
-17.180000000000003,0.38435107
-17.19,0.38431925
-17.200000000000003,0.38428748
-17.21,0.38425565
-17.220000000000002,0.38422388
-17.23,0.3841921
-17.240000000000002,0.38416034
-17.250000000000004,0.3841285
-17.26,0.38409674
-17.270000000000003,0.38406494
-17.28,0.38403314
-17.290000000000003,0.38400137
-17.3,0.38396963
-17.310000000000002,0.38393787
-17.32,0.38390607
-17.330000000000002,0.3838743
-17.340000000000003,0.38384256
-17.35,0.38381076
-17.360000000000003,0.38377902
-17.37,0.38374728
-17.380000000000003,0.3837155
-17.39,0.38368377
-17.400000000000002,0.38365203
-17.410000000000004,0.38362026
-17.42,0.38358855
-17.430000000000003,0.38355684
-17.44,0.38352504
-17.450000000000003,0.38349336
-17.46,0.3834616
-17.470000000000002,0.38342988
-17.48,0.38339812
-17.490000000000002,0.3833664
-17.500000000000004,0.3833347
-17.51,0.38330296
-17.520000000000003,0.38327122
-17.53,0.38323954
-17.540000000000003,0.38320783
-17.55,0.3831761
-17.560000000000002,0.38314444
-17.57,0.38311273
-17.580000000000002,0.38308102
-17.590000000000003,0.3830493
-17.6,0.38301766
-17.610000000000003,0.38298595
-17.62,0.38295424
-17.630000000000003,0.38292256
-17.64,0.38289088
-17.650000000000002,0.3828592
-17.660000000000004,0.3828275
-17.67,0.38279587
-17.680000000000003,0.38276416
-17.69,0.3827325
-17.700000000000003,0.38270083
-17.71,0.38266915
-17.720000000000002,0.3826375
-17.73,0.3826058
-17.740000000000002,0.3825742
-17.750000000000004,0.38254252
-17.76,0.3825109
-17.770000000000003,0.38247922
-17.78,0.38244754
-17.790000000000003,0.38241595
-17.8,0.3823843
-17.810000000000002,0.38235265
-17.82,0.382321
-17.830000000000002,0.38228935
-17.840000000000003,0.38225773
-17.85,0.3822261
-17.860000000000003,0.3821945
-17.87,0.38216287
-17.880000000000003,0.38213128
-17.89,0.38209966
-17.900000000000002,0.38206804
-17.910000000000004,0.38203645
-17.92,0.38200483
-17.930000000000003,0.38197324
-17.94,0.38194162
-17.950000000000003,0.38191003
-17.96,0.38187844
-17.970000000000002,0.38184685
-17.98,0.38181522
-17.990000000000002,0.38178366
-18.000000000000004,0.38175207
-18.01,0.38172048
-18.020000000000003,0.38168883
-18.03,0.3816573
-18.040000000000003,0.3816257
-18.05,0.38159418
-18.060000000000002,0.3815626
-18.07,0.381531
-18.080000000000002,0.38149947
-18.090000000000003,0.3814679
-18.1,0.38143635
-18.110000000000003,0.38140476
-18.12,0.38137323
-18.130000000000003,0.3813417
-18.14,0.38131016
-18.150000000000002,0.38127857
-18.160000000000004,0.3812471
-18.17,0.3812155
-18.180000000000003,0.38118404
-18.19,0.38115248
-18.200000000000003,0.3811209
-18.21,0.38108942
-18.220000000000002,0.3810579
-18.23,0.38102636
-18.240000000000002,0.38099486
-18.250000000000004,0.38096333
-18.26,0.38093182
-18.270000000000003,0.38090032
-18.28,0.38086882
-18.290000000000003,0.38083732
-18.3,0.3808058
-18.310000000000002,0.38077432
-18.32,0.3807428
-18.330000000000002,0.38071132
-18.340000000000003,0.38067985
-18.35,0.38064834
-18.360000000000003,0.3806169
-18.37,0.3805854
-18.380000000000003,0.38055396
-18.39,0.38052243
-18.400000000000002,0.38049102
-18.410000000000004,0.38045952
-18.42,0.38042808
-18.430000000000003,0.3803966
-18.44,0.38036513
-18.450000000000003,0.38033366
-18.46,0.38030225
-18.470000000000002,0.38027072
-18.48,0.3802393
-18.490000000000002,0.3802079
-18.500000000000004,0.38017648
-18.51,0.380145
-18.520000000000003,0.38011354
-18.53,0.38008213
-18.540000000000003,0.38005072
-18.55,0.3800193
-18.560000000000002,0.37998787
-18.57,0.37995648
-18.580000000000002,0.37992504
-18.590000000000003,0.3798936
-18.6,0.3798622
-18.610000000000003,0.37983078
-18.62,0.3797994
-18.630000000000003,0.379768
-18.64,0.3797366
-18.650000000000002,0.3797052
-18.660000000000004,0.37967384
-18.67,0.37964243
-18.680000000000003,0.37961107
-18.69,0.37957966
-18.700000000000003,0.37954828
-18.71,0.37951696
-18.720000000000002,0.37948555
-18.73,0.37945417
-18.740000000000002,0.3794228
-18.750000000000004,0.37939143
-18.76,0.3793601
-18.770000000000003,0.37932873
-18.78,0.37929738
-18.790000000000003,0.37926602
-18.8,0.37923467
-18.810000000000002,0.37920335
-18.82,0.37917197
-18.830000000000002,0.37914065
-18.840000000000003,0.37910932
-18.85,0.379078
-18.860000000000003,0.37904668
-18.87,0.37901536
-18.880000000000003,0.37898403
-18.89,0.37895268
-18.900000000000002,0.3789214
-18.910000000000004,0.3788901
-18.92,0.37885877
-18.930000000000003,0.37882745
-18.94,0.37879616
-18.950000000000003,0.37876487
-18.96,0.37873358
-18.970000000000002,0.37870222
-18.98,0.378671
-18.990000000000002,0.3786397
-19.000000000000004,0.37860838
-19.01,0.3785771
-19.020000000000003,0.37854585
-19.03,0.37851453
-19.040000000000003,0.3784833
-19.05,0.378452
-19.060000000000002,0.37842074
-19.07,0.37838948
-19.080000000000002,0.37835824
-19.090000000000003,0.37832695
-19.1,0.37829575
-19.110000000000003,0.37826446
-19.12,0.37823325
-19.130000000000003,0.37820202
-19.14,0.3781708
-19.150000000000002,0.3781395
-19.160000000000004,0.3781083
-19.17,0.37807703
-19.180000000000003,0.37804583
-19.19,0.37801462
-19.200000000000003,0.3779834
-19.21,0.3779522
-19.220000000000002,0.377921
-19.23,0.37788975
-19.240000000000002,0.37785852
-19.250000000000004,0.3778274
-19.26,0.37779614
-19.270000000000003,0.37776497
-19.28,0.37773377
-19.290000000000003,0.37770256
-19.3,0.37767142
-19.310000000000002,0.37764025
-19.32,0.377609
-19.330000000000002,0.37757784
-19.340000000000003,0.37754667
-19.35,0.3775155
-19.360000000000003,0.37748432
-19.37,0.37745315
-19.380000000000003,0.37742198
-19.39,0.37739086
-19.400000000000002,0.3773597
-19.410000000000004,0.37732857
-19.42,0.37729746
-19.430000000000003,0.37726626
-19.44,0.37723517
-19.450000000000003,0.377204
-19.46,0.37717286
-19.470000000000002,0.3771417
-19.48,0.3771106
-19.490000000000002,0.3770795
-19.500000000000004,0.37704837
-19.51,0.37701726
-19.520000000000003,0.37698612
-19.53,0.376955
-19.540000000000003,0.37692392
-19.55,0.3768928
-19.560000000000002,0.37686175
-19.57,0.3768306
-19.580000000000002,0.37679952
-19.590000000000003,0.3767684
-19.6,0.37673736
-19.610000000000003,0.37670624
-19.62,0.37667516
-19.630000000000003,0.3766441
-19.64,0.37661308
-19.650000000000002,0.37658197
-19.660000000000004,0.3765509
-19.67,0.37651986
-19.680000000000003,0.3764888
-19.69,0.37645775
-19.700000000000003,0.3764267
-19.71,0.3763956
-19.720000000000002,0.3763646
-19.73,0.37633353
-19.740000000000002,0.37630248
-19.750000000000004,0.37627146
-19.76,0.37624043
-19.770000000000003,0.3762094
-19.78,0.37617838
-19.790000000000003,0.3761474
-19.8,0.3761164
-19.810000000000002,0.37608534
-19.82,0.37605432
-19.830000000000002,0.37602335
-19.840000000000003,0.37599233
-19.85,0.3759613
-19.860000000000003,0.37593034
-19.87,0.37589937
-19.880000000000003,0.37586838
-19.89,0.37583733
-19.900000000000002,0.3758064
-19.910000000000004,0.3757754
-19.92,0.3757444
-19.930000000000003,0.3757134
-19.94,0.37568244
-19.950000000000003,0.3756515
-19.96,0.37562054
-19.970000000000002,0.37558958
-19.98,0.3755586
-19.990000000000002,0.37552765
-20.000000000000004,0.37549675
-20.01,0.37546575
-20.020000000000003,0.37543485
-20.03,0.3754039
-20.040000000000003,0.37537295
-20.05,0.37534207
-20.060000000000002,0.37531114
-20.07,0.37528023
-20.080000000000002,0.37524927
-20.090000000000003,0.3752184
-20.1,0.37518746
-20.110000000000003,0.37515655
-20.12,0.37512565
-20.130000000000003,0.3750947
-20.14,0.37506384
-20.150000000000002,0.37503293
-20.160000000000004,0.37500206
-20.17,0.37497115
-20.180000000000003,0.37494028
-20.19,0.37490937
-20.200000000000003,0.37487853
-20.21,0.37484768
-20.220000000000002,0.37481678
-20.23,0.37478593
-20.240000000000002,0.37475505
-20.250000000000004,0.37472418
-20.26,0.37469336
-20.270000000000003,0.37466246
-20.28,0.37463164
-20.290000000000003,0.3746008
-20.3,0.37456995
-20.310000000000002,0.37453908
-20.32,0.37450832
-20.330000000000002,0.37447745
-20.340000000000003,0.3744466
-20.35,0.3744158
-20.360000000000003,0.37438503
-20.37,0.37435418
-20.380000000000003,0.37432337
-20.39,0.3742926
-20.400000000000002,0.37426174
-20.410000000000004,0.37423098
-20.42,0.37420017
-20.430000000000003,0.37416935
-20.44,0.3741386
-20.450000000000003,0.3741078
-20.46,0.37407702
-20.470000000000002,0.37404624
-20.48,0.37401545
-20.490000000000002,0.3739847
-20.500000000000004,0.3739539
-20.51,0.37392315
-20.520000000000003,0.37389237
-20.53,0.3738616
-20.540000000000003,0.37383085
-20.55,0.37380013
-20.560000000000002,0.37376934
-20.57,0.37373865
-20.580000000000002,0.3737079
-20.590000000000003,0.37367716
-20.6,0.37364644
-20.610000000000003,0.37361568
-20.62,0.37358496
-20.630000000000003,0.3735543
-20.64,0.37352356
-20.650000000000002,0.37349284
-20.660000000000004,0.3734621
-20.67,0.3734314
-20.680000000000003,0.37340072
-20.69,0.37337
-20.700000000000003,0.3733393
-20.71,0.3733086
-20.720000000000002,0.37327796
-20.73,0.37324727
-20.740000000000002,0.3732166
-20.750000000000004,0.37318587
-20.76,0.37315524
-20.770000000000003,0.37312454
-20.78,0.3730939
-20.790000000000003,0.37306324
-20.8,0.3730326
-20.810000000000002,0.37300193
-20.82,0.37297127
-20.830000000000002,0.37294063
-20.840000000000003,0.37291
-20.85,0.37287936
-20.860000000000003,0.37284872
-20.87,0.37281808
-20.880000000000003,0.37278745
-20.89,0.37275684
-20.900000000000002,0.37272626
-20.910000000000004,0.37269562
-20.92,0.37266496
-20.930000000000003,0.37263438
-20.94,0.37260377
-20.950000000000003,0.3725732
-20.96,0.37254256
-20.970000000000002,0.37251198
-20.98,0.3724814
-20.990000000000002,0.37245083
-21.000000000000004,0.37242025
-21.01,0.37238964
-21.020000000000003,0.37235904
-21.03,0.37232852
-21.040000000000003,0.37229794
-21.05,0.37226743
-21.060000000000002,0.37223685
-21.07,0.37220633
-21.080000000000002,0.37217572
-21.090000000000003,0.37214518
-21.1,0.37211466
-21.110000000000003,0.37208408
-21.12,0.37205356
-21.130000000000003,0.37202305
-21.14,0.3719925
-21.150000000000002,0.37196195
-21.160000000000004,0.3719315
-21.17,0.37190098
-21.180000000000003,0.3718704
-21.19,0.37183988
-21.200000000000003,0.37180942
-21.21,0.3717789
-21.220000000000002,0.37174842
-21.23,0.3717179
-21.240000000000002,0.3716874
-21.250000000000004,0.37165695
-21.26,0.37162647
-21.270000000000003,0.37159595
-21.28,0.37156555
-21.290000000000003,0.37153506
-21.3,0.37150458
-21.310000000000002,0.37147412
-21.32,0.37144366
-21.330000000000002,0.37141317
-21.340000000000003,0.3713827
-21.35,0.37135231
-21.360000000000003,0.37132186
-21.37,0.37129143
-21.380000000000003,0.371261
-21.39,0.37123057
-21.400000000000002,0.37120008
-21.410000000000004,0.3711697
-21.42,0.37113926
-21.430000000000003,0.37110886
-21.44,0.37107846
-21.450000000000003,0.37104803
-21.46,0.37101763
-21.470000000000002,0.37098727
-21.48,0.37095684
-21.490000000000002,0.37092644
-21.500000000000004,0.37089604
-21.51,0.37086567
-21.520000000000003,0.37083527
-21.53,0.3708049
-21.540000000000003,0.37077457
-21.55,0.3707442
-21.560000000000002,0.3707138
-21.57,0.37068346
-21.580000000000002,0.3706531
-21.590000000000003,0.37062272
-21.6,0.3705924
-21.610000000000003,0.37056208
-21.62,0.3705317
-21.630000000000003,0.3705014
-21.64,0.37047103
-21.650000000000002,0.3704407
-21.660000000000004,0.37041035
-21.67,0.37038004
-21.680000000000003,0.37034974
-21.69,0.37031946
-21.700000000000003,0.37028912
-21.71,0.37025884
-21.720000000000002,0.3702285
-21.73,0.3701982
-21.740000000000002,0.3701679
-21.750000000000004,0.37013763
-21.76,0.37010735
-21.770000000000003,0.37007707
-21.78,0.3700468
-21.790000000000003,0.37001652
-21.8,0.36998624
-21.810000000000002,0.369956
-21.82,0.3699257
-21.830000000000002,0.3698955
-21.840000000000003,0.3698652
-21.85,0.36983493
-21.860000000000003,0.36980468
-21.87,0.36977446
-21.880000000000003,0.3697442
-21.89,0.369714
-21.900000000000002,0.36968374
-21.910000000000004,0.36965355
-21.92,0.3696233
-21.930000000000003,0.36959308
-21.94,0.36956292
-21.950000000000003,0.3695327
-21.96,0.36950243
-21.970000000000002,0.36947227
-21.98,0.36944205
-21.990000000000002,0.36941192
-22.000000000000004,0.3693817
-22.01,0.36935154
-22.020000000000003,0.36932132
-22.03,0.36929113
-22.040000000000003,0.36926097
-22.05,0.36923072
-22.060000000000002,0.36920065
-22.07,0.36917046
-22.080000000000002,0.36914033
-22.090000000000003,0.3691101
-22.1,0.36908
-22.110000000000003,0.36904985
-22.12,0.36901972
-22.130000000000003,0.3689896
-22.14,0.36895946
-22.150000000000002,0.36892933
-22.160000000000004,0.3688992
-22.17,0.36886907
-22.180000000000003,0.36883894
-22.19,0.36880887
-22.200000000000003,0.36877874
-22.21,0.36874866
-22.220000000000002,0.36871856
-22.23,0.36868846
-22.240000000000002,0.3686584
-22.250000000000004,0.36862823
-22.26,0.36859816
-22.270000000000003,0.3685681
-22.28,0.368538
-22.290000000000003,0.36850792
-22.3,0.36847788
-22.310000000000002,0.3684478
-22.32,0.3684177
-22.330000000000002,0.36838773
-22.340000000000003,0.36835766
-22.35,0.36832762
-22.360000000000003,0.36829755
-22.37,0.3682675
-22.380000000000003,0.3682375
-22.39,0.36820742
-22.400000000000002,0.36817744
-22.410000000000004,0.36814743
-22.42,0.3681174
-22.430000000000003,0.36808735
-22.44,0.36805737
-22.450000000000003,0.36802736
-22.46,0.36799738
-22.470000000000002,0.36796737
-22.48,0.3679374
-22.490000000000002,0.36790738
-22.500000000000004,0.36787736
-22.51,0.36784738
-22.520000000000003,0.36781743
-22.53,0.36778742
-22.540000000000003,0.3677575
-22.55,0.3677275
-22.560000000000002,0.36769754
-22.57,0.36766756
-22.580000000000002,0.36763766
-22.590000000000003,0.36760768
-22.6,0.3675778
-22.610000000000003,0.3675478
-22.62,0.3675179
-22.630000000000003,0.36748797
-22.64,0.367458
-22.650000000000002,0.36742812
-22.660000000000004,0.3673982
-22.67,0.36736828
-22.680000000000003,0.36733836
-22.69,0.36730844
-22.700000000000003,0.36727858
-22.71,0.36724865
-22.720000000000002,0.36721876
-22.73,0.3671889
-22.740000000000002,0.36715898
-22.750000000000004,0.3671291
-22.76,0.3670992
-22.770000000000003,0.36706936
-22.78,0.36703947
-22.790000000000003,0.3670096
-22.8,0.36697975
-22.810000000000002,0.3669499
-22.82,0.36692002
-22.830000000000002,0.36689016
-22.840000000000003,0.36686033
-22.85,0.3668305
-22.860000000000003,0.36680067
-22.87,0.36677083
-22.880000000000003,0.366741
-22.89,0.3667112
-22.900000000000002,0.3666814
-22.910000000000004,0.36665154
-22.92,0.36662176
-22.930000000000003,0.36659193
-22.94,0.36656216
-22.950000000000003,0.36653233
-22.96,0.36650252
-22.970000000000002,0.36647275
-22.98,0.36644298
-22.990000000000002,0.36641324
-23.000000000000004,0.3663834
-23.01,0.36635366
-23.020000000000003,0.36632386
-23.03,0.3662941
-23.040000000000003,0.36626434
-23.05,0.3662346
-23.060000000000002,0.36620483
-23.07,0.36617512
-23.080000000000002,0.3661453
-23.090000000000003,0.36611563
-23.1,0.36608595
-23.110000000000003,0.36605614
-23.12,0.36602646
-23.130000000000003,0.36599672
-23.14,0.365967
-23.150000000000002,0.3659373
-23.160000000000004,0.36590755
-23.17,0.3658779
-23.180000000000003,0.36584818
-23.19,0.36581847
-23.200000000000003,0.36578882
-23.21,0.36575913
-23.220000000000002,0.36572942
-23.23,0.36569977
-23.240000000000002,0.3656701
-23.250000000000004,0.36564046
-23.26,0.36561075
-23.270000000000003,0.36558107
-23.28,0.3655514
-23.290000000000003,0.36552176
-23.3,0.36549214
-23.310000000000002,0.36546248
-23.32,0.36543286
-23.330000000000002,0.3654032
-23.340000000000003,0.36537355
-23.35,0.36534393
-23.360000000000003,0.36531433
-23.37,0.36528474
-23.380000000000003,0.36525512
-23.39,0.36522546
-23.400000000000002,0.36519587
-23.410000000000004,0.3651663
-23.42,0.36513668
-23.430000000000003,0.3651071
-23.44,0.3650775
-23.450000000000003,0.36504793
-23.46,0.36501834
-23.470000000000002,0.36498874
-23.48,0.36495918
-23.490000000000002,0.36492965
-23.500000000000004,0.36490005
-23.51,0.3648705
-23.520000000000003,0.36484095
-23.53,0.36481142
-23.540000000000003,0.3647819
-23.55,0.36475232
-23.560000000000002,0.36472273
-23.57,0.36469328
-23.580000000000002,0.36466372
-23.590000000000003,0.36463425
-23.6,0.36460468
-23.610000000000003,0.36457515
-23.62,0.36454564
-23.630000000000003,0.36451614
-23.64,0.36448663
-23.650000000000002,0.36445713
-23.660000000000004,0.36442766
-23.67,0.36439815
-23.680000000000003,0.36436868
-23.69,0.3643392
-23.700000000000003,0.36430973
-23.71,0.36428028
-23.720000000000002,0.36425078
-23.73,0.3642213
-23.740000000000002,0.3641919
-23.750000000000004,0.36416236
-23.76,0.36413294
-23.770000000000003,0.3641035
-23.78,0.36407405
-23.790000000000003,0.36404464
-23.8,0.36401522
-23.810000000000002,0.36398578
-23.82,0.36395633
-23.830000000000002,0.3639269
-23.840000000000003,0.3638975
-23.85,0.36386812
-23.860000000000003,0.36383867
-23.87,0.36380932
-23.880000000000003,0.3637799
-23.89,0.36375055
-23.900000000000002,0.36372116
-23.910000000000004,0.36369172
-23.92,0.36366236
-23.930000000000003,0.36363298
-23.94,0.36360362
-23.950000000000003,0.3635742
-23.96,0.36354488
-23.970000000000002,0.3635155
-23.98,0.36348617
-23.990000000000002,0.36345685
-24.000000000000004,0.36342746
-24.01,0.36339813
-24.020000000000003,0.36336884
-24.03,0.36333948
-24.040000000000003,0.36331016
-24.05,0.3632808
-24.060000000000002,0.36325148
-24.070000000000004,0.36322218
-24.080000000000002,0.36319286
-24.090000000000003,0.36316356
-24.1,0.36313424
-24.110000000000003,0.36310494
-24.12,0.36307564
-24.130000000000003,0.36304635
-24.14,0.36301708
-24.150000000000002,0.36298782
-24.160000000000004,0.36295858
-24.17,0.36292928
-24.180000000000003,0.36290002
-24.19,0.36287075
-24.200000000000003,0.3628415
-24.21,0.36281222
-24.220000000000002,0.362783
-24.23,0.36275375
-24.240000000000002,0.3627245
-24.250000000000004,0.36269528
-24.26,0.36266607
-24.270000000000003,0.36263683
-24.28,0.3626076
-24.290000000000003,0.3625784
-24.3,0.36254925
-24.310000000000002,0.36252004
-24.320000000000004,0.36249083
-24.330000000000002,0.3624616
-24.340000000000003,0.3624324
-24.35,0.3624032
-24.360000000000003,0.362374
-24.37,0.36234486
-24.380000000000003,0.36231565
-24.39,0.3622865
-24.400000000000002,0.36225736
-24.410000000000004,0.36222818
-24.42,0.362199
-24.430000000000003,0.36216983
-24.44,0.36214072
-24.450000000000003,0.36211157
-24.46,0.36208242
-24.470000000000002,0.36205328
-24.48,0.3620242
-24.490000000000002,0.36199504
-24.500000000000004,0.3619659
-24.51,0.36193684
-24.520000000000003,0.3619077
-24.53,0.36187857
-24.540000000000003,0.3618495
-24.55,0.3618204
-24.560000000000002,0.3617913
-24.570000000000004,0.36176223
-24.580000000000002,0.36173308
-24.590000000000003,0.36170402
-24.6,0.36167493
-24.610000000000003,0.36164588
-24.62,0.3616168
-24.630000000000003,0.36158773
-24.64,0.36155868
-24.650000000000002,0.36152962
-24.660000000000004,0.36150056
-24.67,0.36147147
-24.680000000000003,0.3614425
-24.69,0.36141345
-24.700000000000003,0.3613844
-24.71,0.36135536
-24.720000000000002,0.36132634
-24.73,0.36129734
-24.740000000000002,0.36126828
-24.750000000000004,0.3612393
-24.76,0.36121032
-24.770000000000003,0.36118132
-24.78,0.36115232
-24.790000000000003,0.36112332
-24.8,0.36109436
-24.810000000000002,0.36106536
-24.820000000000004,0.3610364
-24.830000000000002,0.3610074
-24.840000000000003,0.36097842
-24.85,0.36094946
-24.860000000000003,0.36092052
-24.87,0.36089155
-24.880000000000003,0.3608626
-24.89,0.36083367
-24.900000000000002,0.36080474
-24.910000000000004,0.3607758
-24.92,0.36074683
-24.930000000000003,0.36071786
-24.94,0.36068898
-24.950000000000003,0.36066008
-24.96,0.36063114
-24.970000000000002,0.36060223
-24.98,0.36057335
-24.990000000000002,0.36054444
-25.000000000000004,0.36051556
-25.01,0.36048663
-25.020000000000003,0.36045778
-25.03,0.3604289
-25.040000000000003,0.36040002
-25.05,0.3603711
-25.060000000000002,0.36034223
-25.070000000000004,0.3603134
-25.080000000000002,0.36028457
-25.090000000000003,0.36025566
-25.1,0.3602268
-25.110000000000003,0.36019796
-25.12,0.3601691
-25.130000000000003,0.3601403
-25.14,0.36011145
-25.150000000000002,0.3600826
-25.160000000000004,0.3600538
-25.17,0.360025
-25.180000000000003,0.35999623
-25.19,0.35996735
-25.200000000000003,0.35993856
-25.21,0.35990977
-25.220000000000002,0.359881
-25.23,0.3598522
-25.240000000000002,0.35982335
-25.250000000000004,0.35979462
-25.26,0.35976583
-25.270000000000003,0.35973704
-25.28,0.35970828
-25.290000000000003,0.3596795
-25.3,0.35965076
-25.310000000000002,0.359622
-25.320000000000004,0.35959327
-25.330000000000002,0.35956448
-25.340000000000003,0.35953575
-25.35,0.35950702
-25.360000000000003,0.3594783
-25.37,0.35944957
-25.380000000000003,0.35942084
-25.39,0.3593921
-25.400000000000002,0.35936338
-25.410000000000004,0.35933468
-25.42,0.359306
-25.430000000000003,0.35927728
-25.44,0.3592486
-25.450000000000003,0.35921988
-25.46,0.35919118
-25.470000000000002,0.35916257
-25.48,0.35913387
-25.490000000000002,0.35910523
-25.500000000000004,0.3590765
-25.51,0.35904786
-25.520000000000003,0.35901922
-25.53,0.35899052
-25.540000000000003,0.35896185
-25.55,0.35893327
-25.560000000000002,0.3589046
-25.570000000000004,0.35887596
-25.580000000000002,0.3588473
-25.590000000000003,0.3588187
-25.6,0.3587901
-25.610000000000003,0.3587615
-25.62,0.35873288
-25.630000000000003,0.35870427
-25.64,0.35867566
-25.650000000000002,0.35864705
-25.660000000000004,0.3586185
-25.67,0.3585899
-25.680000000000003,0.35856134
-25.69,0.35853273
-25.700000000000003,0.3585041
-25.71,0.35847554
-25.720000000000002,0.35844702
-25.73,0.3584184
-25.740000000000002,0.35838985
-25.750000000000004,0.3583613
-25.76,0.35833278
-25.770000000000003,0.35830426
-25.78,0.3582757
-25.790000000000003,0.35824716
-25.8,0.35821858
-25.810000000000002,0.35819012
-25.820000000000004,0.35816157
-25.830000000000002,0.35813305
-25.840000000000003,0.35810456
-25.85,0.35807607
-25.860000000000003,0.35804754
-25.87,0.35801905
-25.880000000000003,0.35799056
-25.89,0.35796207
-25.900000000000002,0.35793358
-25.910000000000004,0.35790506
-25.92,0.3578766
-25.930000000000003,0.35784817
-25.94,0.35781968
-25.950000000000003,0.35779122
-25.96,0.35776275
-25.970000000000002,0.35773435
-25.98,0.3577059
-25.990000000000002,0.35767746
-26.000000000000004,0.35764897
-26.01,0.35762057
-26.020000000000003,0.35759214
-26.03,0.3575637
-26.040000000000003,0.3575353
-26.05,0.35750687
-26.060000000000002,0.35747844
-26.070000000000004,0.3574501
-26.080000000000002,0.3574217
-26.090000000000003,0.35739332
-26.1,0.3573649
-26.110000000000003,0.3573365
-26.12,0.35730812
-26.130000000000003,0.35727975
-26.14,0.35725138
-26.150000000000002,0.35722303
-26.160000000000004,0.3571946
-26.17,0.3571663
-26.180000000000003,0.35713792
-26.19,0.3571096
-26.200000000000003,0.35708123
-26.21,0.35705292
-26.220000000000002,0.35702458
-26.23,0.35699624
-26.240000000000002,0.35696793
-26.250000000000004,0.3569396
-26.26,0.35691133
-26.270000000000003,0.356883
-26.28,0.35685468
-26.290000000000003,0.35682636
-26.3,0.3567981
-26.310000000000002,0.35676974
-26.320000000000004,0.3567415
-26.330000000000002,0.35671324
-26.340000000000003,0.35668492
-26.35,0.35665664
-26.360000000000003,0.3566284
-26.37,0.35660017
-26.380000000000003,0.35657185
-26.39,0.3565436
-26.400000000000002,0.35651535
-26.410000000000004,0.35648713
-26.42,0.3564589
-26.430000000000003,0.35643062
-26.44,0.3564024
-26.450000000000003,0.3563742
-26.46,0.35634595
-26.470000000000002,0.3563178
-26.48,0.3562895
-26.490000000000002,0.35626137
-26.500000000000004,0.35623312
-26.51,0.356205
-26.520000000000003,0.35617673
-26.53,0.35614854
-26.540000000000003,0.3561204
-26.55,0.35609218
-26.560000000000002,0.35606402
-26.570000000000004,0.35603583
-26.580000000000002,0.35600767
-26.590000000000003,0.3559795
-26.6,0.35595137
-26.610000000000003,0.3559232
-26.62,0.35589507
-26.630000000000003,0.3558669
-26.64,0.35583878
-26.650000000000002,0.3558106
-26.660000000000004,0.3557825
-26.67,0.35575438
-26.680000000000003,0.35572624
-26.69,0.35569814
-26.700000000000003,0.35567006
-26.71,0.35564196
-26.720000000000002,0.3556139
-26.73,0.35558575
-26.740000000000002,0.35555768
-26.750000000000004,0.35552955
-26.76,0.3555015
-26.770000000000003,0.3554734
-26.78,0.35544536
-26.790000000000003,0.35541728
-26.8,0.35538924
-26.810000000000002,0.35536116
-26.820000000000004,0.35533312
-26.830000000000002,0.3553051
-26.840000000000003,0.355277
-26.85,0.355249
-26.860000000000003,0.35522094
-26.87,0.35519293
-26.880000000000003,0.35516492
-26.89,0.35513687
-26.900000000000002,0.35510886
-26.910000000000004,0.3550808
-26.92,0.35505286
-26.930000000000003,0.3550248
-26.94,0.35499686
-26.950000000000003,0.35496885
-26.96,0.3549409
-26.970000000000002,0.3549129
-26.98,0.35488492
-26.990000000000002,0.35485694
-27.000000000000004,0.354829
-27.01,0.35480106
-27.020000000000003,0.35477304
-27.03,0.35474512
-27.040000000000003,0.3547172
-27.05,0.35468924
-27.060000000000002,0.3546613
-27.070000000000004,0.35463333
-27.080000000000002,0.35460544
-27.090000000000003,0.35457748
-27.1,0.35454956
-27.110000000000003,0.3545217
-27.12,0.35449374
-27.130000000000003,0.35446587
-27.14,0.35443792
-27.150000000000002,0.35441008
-27.160000000000004,0.3543822
-27.17,0.3543543
-27.180000000000003,0.3543264
-27.19,0.3542985
-27.200000000000003,0.35427064
-27.21,0.3542428
-27.220000000000002,0.35421488
-27.23,0.35418707
-27.240000000000002,0.3541592
-27.250000000000004,0.35413134
-27.26,0.35410354
-27.270000000000003,0.3540757
-27.28,0.35404783
-27.290000000000003,0.35402
-27.3,0.35399222
-27.310000000000002,0.3539644
-27.320000000000004,0.35393658
-27.330000000000002,0.35390878
-27.340000000000003,0.35388094
-27.35,0.35385317
-27.360000000000003,0.35382536
-27.37,0.35379755
-27.380000000000003,0.35376978
-27.39,0.353742
-27.400000000000002,0.35371423
-27.410000000000004,0.35368645
-27.42,0.35365868
-27.430000000000003,0.3536309
-27.44,0.35360315
-27.450000000000003,0.35357544
-27.46,0.3535477
-27.470000000000002,0.35351992
-27.48,0.3534922
-27.490000000000002,0.35346448
-27.500000000000004,0.3534367
-27.51,0.35340896
-27.520000000000003,0.3533813
-27.53,0.35335356
-27.540000000000003,0.35332584
-27.55,0.35329813
-27.560000000000002,0.3532705
-27.570000000000004,0.35324275
-27.580000000000002,0.35321504
-27.590000000000003,0.3531874
-27.6,0.35315973
-27.610000000000003,0.353132
-27.62,0.35310435
-27.630000000000003,0.3530767
-27.64,0.35304904
-27.650000000000002,0.35302144
-27.660000000000004,0.35299373
-27.67,0.35296607
-27.680000000000003,0.3529384
-27.69,0.35291082
-27.700000000000003,0.35288322
-27.71,0.35285556
-27.720000000000002,0.35282794
-27.73,0.3528003
-27.740000000000002,0.3527727
-27.750000000000004,0.3527451
-27.76,0.3527175
-27.770000000000003,0.35268986
-27.78,0.3526623
-27.790000000000003,0.35263476
-27.8,0.35260713
-27.810000000000002,0.35257953
-27.820000000000004,0.352552
-27.830000000000002,0.3525244
-27.840000000000003,0.3524968
-27.85,0.35246927
-27.860000000000003,0.35244173
-27.87,0.35241416
-27.880000000000003,0.3523866
-27.89,0.3523591
-27.900000000000002,0.35233155
-27.910000000000004,0.35230398
-27.92,0.3522765
-27.930000000000003,0.3522489
-27.94,0.35222143
-27.950000000000003,0.35219392
-27.96,0.35216638
-27.970000000000002,0.3521389
-27.98,0.35211137
-27.990000000000002,0.35208386
-28.000000000000004,0.3520564
-28.01,0.3520289
-28.020000000000003,0.35200143
-28.03,0.35197398
-28.040000000000003,0.3519465
-28.05,0.35191905
-28.060000000000002,0.3518916
-28.070000000000004,0.35186416
-28.080000000000002,0.35183668
-28.090000000000003,0.35180923
-28.1,0.3517818
-28.110000000000003,0.35175437
-28.12,0.35172698
-28.130000000000003,0.35169953
-28.14,0.3516721
-28.150000000000002,0.3516447
-28.160000000000004,0.35161728
-28.17,0.3515899
-28.180000000000003,0.35156244
-28.19,0.35153508
-28.200000000000003,0.35150763
-28.21,0.35148025
-28.220000000000002,0.3514529
-28.23,0.3514255
-28.240000000000002,0.35139814
-28.250000000000004,0.35137075
-28.26,0.35134345
-28.270000000000003,0.3513161
-28.28,0.35128874
-28.290000000000003,0.35126135
-28.3,0.351234
-28.310000000000002,0.35120666
-28.320000000000004,0.35117933
-28.330000000000002,0.351152
-28.340000000000003,0.3511247
-28.35,0.35109738
-28.360000000000003,0.35107005
-28.37,0.3510427
-28.380000000000003,0.35101545
-28.39,0.35098815
-28.400000000000002,0.35096088
-28.410000000000004,0.35093358
-28.42,0.35090625
-28.430000000000003,0.350879
-28.44,0.35085174
-28.450000000000003,0.35082445
-28.46,0.3507972
-28.470000000000002,0.3507699
-28.48,0.35074267
-28.490000000000002,0.35071543
-28.500000000000004,0.35068816
-28.51,0.35066092
-28.520000000000003,0.35063368
-28.53,0.35060644
-28.540000000000003,0.3505792
-28.55,0.350552
-28.560000000000002,0.35052478
-28.570000000000004,0.3504976
-28.580000000000002,0.35047033
-28.590000000000003,0.35044315
-28.6,0.35041597
-28.610000000000003,0.3503887
-28.62,0.35036156
-28.630000000000003,0.35033435
-28.64,0.35030723
-28.650000000000002,0.35028
-28.660000000000004,0.35025293
-28.67,0.3502257
-28.680000000000003,0.35019857
-28.69,0.3501714
-28.700000000000003,0.35014424
-28.71,0.3501171
-28.720000000000002,0.3500899
-28.73,0.35006282
-28.740000000000002,0.35003564
-28.750000000000004,0.35000852
-28.76,0.3499814
-28.770000000000003,0.34995428
-28.78,0.34992722
-28.790000000000003,0.34990007
-28.8,0.34987298
-28.810000000000002,0.3498459
-28.820000000000004,0.34981883
-28.830000000000002,0.3497917
-28.840000000000003,0.34976462
-28.85,0.34973755
-28.860000000000003,0.34971046
-28.87,0.34968343
-28.880000000000003,0.34965634
-28.89,0.34962928
-28.900000000000002,0.3496022
-28.910000000000004,0.34957516
-28.92,0.34954816
-28.930000000000003,0.3495211
-28.94,0.34949407
-28.950000000000003,0.34946704
-28.96,0.34944004
-28.970000000000002,0.34941298
-28.98,0.34938598
-28.990000000000002,0.349359
-29.000000000000004,0.34933195
-29.01,0.34930494
-29.020000000000003,0.34927797
-29.03,0.34925097
-29.040000000000003,0.34922397
-29.05,0.349197
-29.060000000000002,0.34917003
-29.070000000000004,0.34914303
-29.080000000000002,0.3491161
-29.090000000000003,0.34908912
-29.1,0.34906223
-29.110000000000003,0.34903523
-29.12,0.34900826
-29.130000000000003,0.34898138
-29.14,0.34895438
-29.150000000000002,0.3489275
-29.160000000000004,0.34890056
-29.17,0.34887362
-29.180000000000003,0.3488467
-29.19,0.3488198
-29.200000000000003,0.3487929
-29.21,0.348766
-29.220000000000002,0.34873906
-29.23,0.3487122
-29.240000000000002,0.34868532
-29.250000000000004,0.3486584
-29.26,0.34863153
-29.270000000000003,0.34860468
-29.28,0.34857783
-29.290000000000003,0.34855095
-29.3,0.3485241
-29.310000000000002,0.34849727
-29.320000000000004,0.34847042
-29.330000000000002,0.34844354
-29.340000000000003,0.34841666
-29.35,0.3483898
-29.360000000000003,0.34836304
-29.37,0.34833616
-29.380000000000003,0.3483094
-29.39,0.34828258
-29.400000000000002,0.34825578
-29.410000000000004,0.34822893
-29.42,0.34820217
-29.430000000000003,0.34817538
-29.44,0.34814855
-29.450000000000003,0.34812176
-29.46,0.348095
-29.470000000000002,0.34806824
-29.48,0.34804153
-29.490000000000002,0.3480147
-29.500000000000004,0.34798798
-29.51,0.3479612
-29.520000000000003,0.34793442
-29.53,0.3479077
-29.540000000000003,0.34788096
-29.55,0.3478542
-29.560000000000002,0.34782752
-29.570000000000004,0.3478007
-29.580000000000002,0.34777403
-29.590000000000003,0.3477473
-29.6,0.34772056
-29.610000000000003,0.3476939
-29.62,0.34766716
-29.630000000000003,0.34764045
-29.64,0.34761378
-29.650000000000002,0.34758708
-29.660000000000004,0.34756047
-29.67,0.34753373
-29.680000000000003,0.34750703
-29.69,0.34748042
-29.700000000000003,0.34745365
-29.71,0.34742704
-29.720000000000002,0.34740037
-29.73,0.34737378
-29.740000000000002,0.34734714
-29.750000000000004,0.3473205
-29.76,0.34729385
-29.770000000000003,0.3472672
-29.78,0.3472406
-29.790000000000003,0.34721395
-29.8,0.34718737
-29.810000000000002,0.34716073
-29.820000000000004,0.34713414
-29.830000000000002,0.34710753
-29.840000000000003,0.34708092
-29.85,0.34705436
-29.860000000000003,0.34702778
-29.87,0.3470012
-29.880000000000003,0.34697464
-29.89,0.34694803
-29.900000000000002,0.3469215
-29.910000000000004,0.34689492
-29.92,0.3468684
-29.930000000000003,0.3468418
-29.94,0.3468153
-29.950000000000003,0.34678876
-29.96,0.34676215
-29.970000000000002,0.34673566
-29.98,0.34670916
-29.990000000000002,0.34668258
-30.000000000000004,0.34665608
-30.01,0.3466296
-30.020000000000003,0.3466031
-30.03,0.3465765
-30.040000000000003,0.3465501
-30.05,0.34652358
-30.060000000000002,0.34649712
-30.070000000000004,0.34647062
-30.080000000000002,0.3464441
-30.090000000000003,0.34641773
-30.1,0.3463912
-30.110000000000003,0.34636474
-30.12,0.34633824
-30.130000000000003,0.3463118
-30.14,0.34628534
-30.150000000000002,0.34625894
-30.160000000000004,0.34623247
-30.17,0.34620604
-30.180000000000003,0.3461796
-30.19,0.34615317
-30.200000000000003,0.34612677
-30.21,0.34610033
-30.220000000000002,0.346074
-30.23,0.34604755
-30.240000000000002,0.34602115
-30.250000000000004,0.34599474
-30.26,0.34596834
-30.270000000000003,0.34594196
-30.28,0.34591562
-30.290000000000003,0.3458892
-30.3,0.3458628
-30.310000000000002,0.34583646
-30.320000000000004,0.3458101
-30.330000000000002,0.34578377
-30.340000000000003,0.34575742
-30.35,0.34573108
-30.360000000000003,0.3457047
-30.37,0.34567836
-30.380000000000003,0.345652
-30.39,0.34562573
-30.400000000000002,0.3455994
-30.410000000000004,0.34557307
-30.42,0.34554675
-30.430000000000003,0.34552044
-30.44,0.3454941
-30.450000000000003,0.34546787
-30.46,0.3454416
-30.470000000000002,0.34541526
-30.48,0.345389
-30.490000000000002,0.34536266
-30.500000000000004,0.34533644
-30.51,0.3453102
-30.520000000000003,0.3452839
-30.53,0.34525764
-30.540000000000003,0.34523135
-30.55,0.34520513
-30.560000000000002,0.34517887
-30.570000000000004,0.34515268
-30.580000000000002,0.34512645
-30.590000000000003,0.34510022
-30.6,0.345074
-30.610000000000003,0.34504774
-30.62,0.34502155
-30.630000000000003,0.34499532
-30.64,0.34496915
-30.650000000000002,0.34494293
-30.660000000000004,0.34491673
-30.67,0.34489053
-30.680000000000003,0.34486437
-30.69,0.34483823
-30.700000000000003,0.34481198
-30.71,0.34478587
-30.720000000000002,0.3447597
-30.73,0.34473354
-30.740000000000002,0.3447074
-30.750000000000004,0.3446812
-30.76,0.34465507
-30.770000000000003,0.34462893
-30.78,0.3446028
-30.790000000000003,0.34457663
-30.8,0.34455052
-30.810000000000002,0.34452444
-30.820000000000004,0.3444983
-30.830000000000002,0.34447217
-30.840000000000003,0.34444606
-30.85,0.34442002
-30.860000000000003,0.34439385
-30.87,0.3443678
-30.880000000000003,0.34434173
-30.89,0.34431565
-30.900000000000002,0.34428957
-30.910000000000004,0.34426346
-30.92,0.34423745
-30.930000000000003,0.34421134
-30.94,0.34418526
-30.950000000000003,0.34415925
-30.96,0.34413317
-30.970000000000002,0.34410715
-30.980000000000004,0.34408104
-30.990000000000002,0.34405506
-31.000000000000004,0.34402904
-31.01,0.34400302
-31.020000000000003,0.34397703
-31.03,0.343951
-31.040000000000003,0.343925
-31.05,0.34389895
-31.060000000000002,0.34387296
-31.070000000000004,0.343847
-31.080000000000002,0.34382102
-31.090000000000003,0.34379506
-31.1,0.343769
-31.110000000000003,0.3437431
-31.12,0.3437171
-31.130000000000003,0.3436911
-31.14,0.34366515
-31.150000000000002,0.3436392
-31.160000000000004,0.3436132
-31.17,0.34358725
-31.180000000000003,0.3435614
-31.19,0.34353545
-31.200000000000003,0.3435095
-31.21,0.3434836
-31.220000000000002,0.34345767
-31.230000000000004,0.34343177
-31.240000000000002,0.3434059
-31.250000000000004,0.34337994
-31.26,0.34335402
-31.270000000000003,0.34332812
-31.28,0.34330225
-31.290000000000003,0.34327635
-31.3,0.3432505
-31.310000000000002,0.34322459
-31.320000000000004,0.34319872
-31.330000000000002,0.34317288
-31.340000000000003,0.34314704
-31.35,0.34312114
-31.360000000000003,0.34309527
-31.37,0.34306946
-31.380000000000003,0.3430436
-31.39,0.3430178
-31.400000000000002,0.34299192
-31.410000000000004,0.34296608
-31.42,0.34294027
-31.430000000000003,0.3429145
-31.44,0.34288865
-31.450000000000003,0.34286284
-31.46,0.34283704
-31.470000000000002,0.34281123
-31.480000000000004,0.34278548
-31.490000000000002,0.3427597
-31.500000000000004,0.34273392
-31.51,0.3427081
-31.520000000000003,0.3426823
-31.53,0.3426565
-31.540000000000003,0.34263077
-31.55,0.34260505
-31.560000000000002,0.3425793
-31.570000000000004,0.3425535
-31.580000000000002,0.3425278
-31.590000000000003,0.34250203
-31.6,0.3424763
-31.610000000000003,0.34245056
-31.62,0.34242487
-31.630000000000003,0.34239912
-31.64,0.34237343
-31.650000000000002,0.34234774
-31.660000000000004,0.34232205
-31.67,0.34229636
-31.680000000000003,0.34227058
-31.69,0.34224495
-31.700000000000003,0.34221923
-31.71,0.34219357
-31.720000000000002,0.34216788
-31.730000000000004,0.34214222
-31.740000000000002,0.3421166
-31.750000000000004,0.3420909
-31.76,0.3420652
-31.770000000000003,0.3420396
-31.78,0.3420139
-31.790000000000003,0.34198833
-31.8,0.34196264
-31.810000000000002,0.341937
-31.820000000000004,0.34191144
-31.830000000000002,0.34188575
-31.840000000000003,0.34186018
-31.85,0.34183455
-31.860000000000003,0.34180892
-31.87,0.34178334
-31.880000000000003,0.3417577
-31.89,0.34173214
-31.900000000000002,0.34170657
-31.910000000000004,0.34168094
-31.92,0.34165543
-31.930000000000003,0.34162983
-31.94,0.34160423
-31.950000000000003,0.34157872
-31.96,0.34155312
-31.970000000000002,0.34152767
-31.980000000000004,0.34150204
-31.990000000000002,0.34147653
-32.0,0.34145096
-32.01,0.34142542
-32.019999999999996,0.34139994
-32.03,0.3413744
-32.04,0.34134886
-32.05,0.34132338
-32.059999999999995,0.34129786
-32.07,0.34127235
-32.08,0.34124687
-32.089999999999996,0.34122133
-32.1,0.34119588
-32.11,0.34117037
-32.12,0.3411449
-32.129999999999995,0.3411194
-32.14,0.341094
-32.15,0.34106848
-32.16,0.34104306
-32.17,0.34101763
-32.18,0.34099215
-32.19,0.3409667
-32.199999999999996,0.34094125
-32.21,0.3409158
-32.22,0.3408904
-32.23,0.34086493
-32.24,0.3408395
-32.25,0.34081414
-32.26,0.34078872
-32.269999999999996,0.34076333
-32.28,0.34073794
-32.29,0.34071246
-32.3,0.34068713
-32.309999999999995,0.34066167
-32.32,0.3406363
-32.33,0.34061098
-32.339999999999996,0.34058553
-32.35,0.34056023
-32.36,0.34053493
-32.37,0.34050953
-32.379999999999995,0.34048417
-32.39,0.34045884
-32.4,0.34043348
-32.41,0.34040815
-32.42,0.34038278
-32.43,0.34035748
-32.44,0.34033215
-32.449999999999996,0.34030682
-32.46,0.34028152
-32.47,0.34025618
-32.48,0.34023088
-32.49,0.3402056
-32.5,0.34018034
-32.51,0.34015504
-32.519999999999996,0.3401297
-32.53,0.34010452
-32.54,0.3400792
-32.55,0.34005392
-32.559999999999995,0.34002867
-32.57,0.3400034
-32.58,0.3399781
-32.589999999999996,0.33995292
-32.6,0.33992764
-32.61,0.33990246
-32.62,0.33987716
-32.629999999999995,0.33985195
-32.64,0.33982676
-32.65,0.3398015
-32.66,0.33977634
-32.67,0.3397511
-32.68,0.33972588
-32.69,0.33970067
-32.699999999999996,0.3396755
-32.71,0.33965033
-32.72,0.339625
-32.73,0.33959985
-32.74,0.33957475
-32.75,0.33954954
-32.76,0.33952442
-32.769999999999996,0.33949924
-32.78,0.33947408
-32.79,0.33944896
-32.8,0.33942378
-32.809999999999995,0.33939862
-32.82,0.33937356
-32.83,0.33934838
-32.839999999999996,0.33932322
-32.85,0.33929813
-32.86,0.33927304
-32.87,0.33924788
-32.879999999999995,0.33922282
-32.89,0.3391977
-32.9,0.33917257
-32.91,0.3391475
-32.92,0.3391224
-32.93,0.33909732
-32.94,0.3390722
-32.949999999999996,0.33904713
-32.96,0.3390221
-32.97,0.33899704
-32.98,0.338972
-32.99,0.33894688
-33.0,0.33892184
-33.01,0.33889687
-33.019999999999996,0.33887178
-33.03,0.33884674
-33.04,0.3388217
-33.05,0.33879668
-33.059999999999995,0.33877164
-33.07,0.33874667
-33.08,0.33872166
-33.089999999999996,0.33869666
-33.1,0.33867162
-33.11,0.3386467
-33.12,0.33862165
-33.129999999999995,0.3385967
-33.14,0.3385717
-33.15,0.33854675
-33.16,0.33852172
-33.17,0.3384968
-33.18,0.3384718
-33.19,0.33844683
-33.199999999999996,0.33842188
-33.21,0.338397
-33.22,0.338372
-33.23,0.33834708
-33.24,0.3383221
-33.25,0.33829725
-33.26,0.3382723
-33.269999999999996,0.3382474
-33.28,0.3382225
-33.29,0.3381976
-33.3,0.33817264
-33.309999999999995,0.33814773
-33.32,0.3381229
-33.33,0.33809796
-33.339999999999996,0.33807307
-33.35,0.33804822
-33.36,0.3380233
-33.37,0.33799854
-33.379999999999995,0.3379736
-33.39,0.33794874
-33.4,0.33792388
-33.41,0.33789903
-33.42,0.33787417
-33.43,0.3378494
-33.44,0.33782455
-33.449999999999996,0.33779976
-33.46,0.3377749
-33.47,0.3377501
-33.48,0.33772522
-33.49,0.33770046
-33.5,0.33767563
-33.51,0.33765084
-33.519999999999996,0.33762604
-33.53,0.33760124
-33.54,0.33757645
-33.55,0.3375517
-33.559999999999995,0.33752692
-33.57,0.33750215
-33.58,0.33747733
-33.589999999999996,0.3374526
-33.6,0.33742782
-33.61,0.33740306
-33.62,0.33737832
-33.629999999999995,0.33735356
-33.64,0.33732885
-33.65,0.33730417
-33.66,0.33727938
-33.67,0.3372547
-33.68,0.33722997
-33.69,0.3372053
-33.699999999999996,0.33718055
-33.71,0.33715585
-33.72,0.33713114
-33.73,0.33710644
-33.74,0.3370817
-33.75,0.33705705
-33.76,0.3370324
-33.769999999999996,0.33700773
-33.78,0.33698305
-33.79,0.3369584
-33.8,0.33693376
-33.809999999999995,0.33690906
-33.82,0.3368844
-33.83,0.33685982
-33.839999999999996,0.33683515
-33.85,0.33681053
-33.86,0.3367858
-33.87,0.33676124
-33.879999999999995,0.3367366
-33.89,0.336712
-33.9,0.33668742
-33.91,0.33666286
-33.92,0.3366382
-33.93,0.3366136
-33.94,0.33658904
-33.949999999999996,0.3365644
-33.96,0.33653983
-33.97,0.33651525
-33.98,0.33649072
-33.99,0.33646607
-34.0,0.33644158
-34.01,0.336417
-34.019999999999996,0.3363925
-34.03,0.33636793
-34.04,0.33634332
-34.05,0.3363188
-34.059999999999995,0.3362943
-34.07,0.33626977
-34.08,0.33624524
-34.089999999999996,0.33622068
-34.1,0.3361962
-34.11,0.33617166
-34.12,0.33614722
-34.129999999999995,0.33612263
-34.14,0.3360982
-34.15,0.3360737
-34.16,0.33604923
-34.17,0.3360247
-34.18,0.3360003
-34.19,0.3359758
-34.199999999999996,0.33595127
-34.21,0.3359269
-34.22,0.33590242
-34.23,0.33587795
-34.24,0.3358535
-34.25,0.33582908
-34.26,0.33580464
-34.269999999999996,0.33578014
-34.28,0.33575574
-34.29,0.33573136
-34.3,0.33570692
-34.31,0.3356825
-34.32,0.33565807
-34.33,0.3356337
-34.339999999999996,0.3356093
-34.35,0.3355849
-34.36,0.33556047
-34.37,0.3355361
-34.379999999999995,0.33551168
-34.39,0.33548737
-34.4,0.33546305
-34.41,0.33543864
-34.42,0.33541432
-34.43,0.33538988
-34.44,0.33536553
-34.449999999999996,0.33534122
-34.46,0.3353169
-34.47,0.33529252
-34.48,0.33526823
-34.49,0.33524385
-34.5,0.33521956
-34.51,0.33519524
-34.519999999999996,0.33517095
-34.53,0.3351466
-34.54,0.3351223
-34.55,0.33509803
-34.56,0.3350737
-34.57,0.33504945
-34.58,0.33502513
-34.589999999999996,0.33500087
-34.6,0.3349766
-34.61,0.33495235
-34.62,0.33492807
-34.629999999999995,0.3349038
-34.64,0.33487958
-34.65,0.3348553
-34.66,0.33483112
-34.67,0.33480686
-34.68,0.33478263
-34.69,0.33475837
-34.699999999999996,0.3347342
-34.71,0.33470994
-34.72,0.33468568
-34.73,0.33466154
-34.74,0.33463728
-34.75,0.3346131
-34.76,0.33458894
-34.769999999999996,0.33456475
-34.78,0.33454052
-34.79,0.33451638
-34.8,0.33449218
-34.81,0.334468
-34.82,0.33444387
-34.83,0.3344197
-34.839999999999996,0.3343956
-34.85,0.3343714
-34.86,0.33434722
-34.87,0.3343231
-34.879999999999995,0.3342989
-34.89,0.3342748
-34.9,0.33425063
-34.91,0.33422655
-34.92,0.33420247
-34.93,0.33417827
-34.94,0.33415425
-34.949999999999996,0.33413017
-34.96,0.334106
-34.97,0.33408195
-34.98,0.3340579
-34.99,0.3340338
-35.0,0.3340097
-35.01,0.3339856
-35.019999999999996,0.33396155
-35.03,0.33393753
-35.04,0.33391342
-35.05,0.3338894
-35.06,0.3338653
-35.07,0.33384123
-35.08,0.33381724
-35.089999999999996,0.33379316
-35.1,0.33376914
-35.11,0.3337451
-35.12,0.3337211
-35.129999999999995,0.33369705
-35.14,0.33367312
-35.15,0.33364904
-35.16,0.33362508
-35.17,0.33360106
-35.18,0.33357713
-35.19,0.3335531
-35.199999999999996,0.33352908
-35.21,0.33350515
-35.22,0.33348116
-35.23,0.3334572
-35.24,0.3334332
-35.25,0.3334093
-35.26,0.33338532
-35.269999999999996,0.33336133
-35.28,0.3333374
-35.29,0.33331344
-35.3,0.3332895
-35.31,0.33326563
-35.32,0.33324167
-35.33,0.33321774
-35.339999999999996,0.3331939
-35.35,0.3331699
-35.36,0.3331461
-35.37,0.33312216
-35.379999999999995,0.3330982
-35.39,0.3330744
-35.4,0.33305043
-35.41,0.33302656
-35.42,0.3330027
-35.43,0.33297879
-35.44,0.33295494
-35.449999999999996,0.33293107
-35.46,0.3329072
-35.47,0.33288342
-35.48,0.33285952
-35.49,0.33283564
-35.5,0.33281183
-35.51,0.33278802
-35.519999999999996,0.33276418
-35.53,0.33274034
-35.54,0.33271652
-35.55,0.3326927
-35.56,0.3326689
-35.57,0.33264506
-35.58,0.33262125
-35.589999999999996,0.3325975
-35.6,0.3325737
-35.61,0.33254987
-35.62,0.33252618
-35.629999999999995,0.3325023
-35.64,0.3324786
-35.65,0.33245483
-35.66,0.33243108
-35.67,0.33240733
-35.68,0.33238357
-35.69,0.33235976
-35.699999999999996,0.33233604
-35.71,0.33231235
-35.72,0.33228856
-35.73,0.33226484
-35.74,0.33224112
-35.75,0.3322174
-35.76,0.3321937
-35.769999999999996,0.33216995
-35.78,0.3321463
-35.79,0.33212256
-35.8,0.33209887
-35.81,0.33207518
-35.82,0.33205146
-35.83,0.33202782
-35.839999999999996,0.3320042
-35.85,0.3319805
-35.86,0.3319568
-35.87,0.33193314
-35.879999999999995,0.3319095
-35.89,0.3318858
-35.9,0.33186218
-35.91,0.33183855
-35.92,0.3318149
-35.93,0.33179128
-35.94,0.33176762
-35.949999999999996,0.33174405
-35.96,0.3317204
-35.97,0.33169678
-35.98,0.3316732
-35.99,0.3316496
-36.0,0.33162597
-36.01,0.3316024
-36.019999999999996,0.3315788
-36.03,0.3315552
-36.04,0.33153164
-36.05,0.33150804
-36.06,0.33148447
-36.07,0.33146092
-36.08,0.33143735
-36.089999999999996,0.33141378
-36.1,0.3313903
-36.11,0.3313667
-36.12,0.33134314
-36.129999999999995,0.33131957
-36.14,0.33129603
-36.15,0.33127257
-36.16,0.33124906
-36.17,0.33122548
-36.18,0.33120197
-36.19,0.3311785
-36.199999999999996,0.33115494
-36.21,0.33113146
-36.22,0.33110797
-36.23,0.33108446
-36.24,0.33106095
-36.25,0.33103752
-36.26,0.33101404
-36.269999999999996,0.33099058
-36.28,0.33096707
-36.29,0.33094355
-36.3,0.33092022
-36.31,0.3308967
-36.32,0.3308732
-36.33,0.33084983
-36.339999999999996,0.3308264
-36.35,0.33080295
-36.36,0.3307795
-36.37,0.3307561
-36.379999999999995,0.33073267
-36.39,0.33070928
-36.4,0.33068585
-36.41,0.33066243
-36.42,0.330639
-36.43,0.33061564
-36.44,0.33059224
-36.449999999999996,0.33056882
-36.46,0.33054546
-36.47,0.3305221
-36.48,0.3304987
-36.49,0.3304754
-36.5,0.330452
-36.51,0.3304286
-36.519999999999996,0.33040527
-36.53,0.330382
-36.54,0.33035856
-36.55,0.33033526
-36.56,0.3303119
-36.57,0.33028856
-36.58,0.33026528
-36.589999999999996,0.33024195
-36.6,0.33021858
-36.61,0.33019528
-36.62,0.33017197
-36.629999999999995,0.33014873
-36.64,0.3301254
-36.65,0.33010215
-36.66,0.33007884
-36.67,0.3300555
-36.68,0.33003232
-36.69,0.33000895
-36.699999999999996,0.32998574
-36.71,0.3299625
-36.72,0.3299392
-36.73,0.32991594
-36.74,0.3298927
-36.75,0.32986945
-36.76,0.3298462
-36.769999999999996,0.32982296
-36.78,0.32979974
-36.79,0.3297765
-36.8,0.3297533
-36.81,0.32973006
-36.82,0.32970682
-36.83,0.32968372
-36.839999999999996,0.32966045
-36.85,0.32963726
-36.86,0.32961407
-36.87,0.32959092
-36.879999999999995,0.32956767
-36.89,0.3295445
-36.9,0.3295213
-36.91,0.3294982
-36.92,0.329475
-36.93,0.3294519
-36.94,0.32942867
-36.949999999999996,0.32940555
-36.96,0.32938242
-36.97,0.32935923
-36.98,0.32933614
-36.99,0.32931295
-37.0,0.3292899
-37.01,0.3292668
-37.019999999999996,0.32924366
-37.03,0.32922047
-37.04,0.32919738
-37.05,0.32917428
-37.06,0.32915118
-37.07,0.3291281
-37.08,0.329105
-37.089999999999996,0.32908192
-37.1,0.3290589
-37.11,0.3290358
-37.12,0.32901275
-37.129999999999995,0.32898965
-37.14,0.3289666
-37.15,0.3289435
-37.16,0.32892042
-37.17,0.32889748
-37.18,0.32887438
-37.19,0.3288514
-37.199999999999996,0.32882833
-37.21,0.3288053
-37.22,0.32878226
-37.23,0.32875928
-37.24,0.32873622
-37.25,0.3287132
-37.26,0.32869023
-37.269999999999996,0.32866725
-37.28,0.32864422
-37.29,0.32862127
-37.3,0.32859826
-37.31,0.32857525
-37.32,0.3285523
-37.33,0.32852936
-37.339999999999996,0.32850635
-37.35,0.3284834
-37.36,0.32846048
-37.37,0.32843748
-37.379999999999995,0.3284145
-37.39,0.32839164
-37.4,0.32836863
-37.41,0.32834572
-37.42,0.32832277
-37.43,0.32829985
-37.44,0.32827693
-37.449999999999996,0.32825398
-37.46,0.32823107
-37.47,0.32820815
-37.48,0.32818532
-37.49,0.32816237
-37.5,0.32813948
-37.51,0.3281166
-37.519999999999996,0.3280937
-37.53,0.32807082
-37.54,0.328048
-37.55,0.3280251
-37.56,0.3280022
-37.57,0.3279794
-37.58,0.32795647
-37.589999999999996,0.3279337
-37.6,0.32791084
-37.61,0.32788798
-37.62,0.32786512
-37.629999999999995,0.32784235
-37.64,0.32781947
-37.65,0.32779664
-37.66,0.32777387
-37.67,0.32775098
-37.68,0.3277282
-37.69,0.32770547
-37.699999999999996,0.3276826
-37.71,0.3276598
-37.72,0.32763702
-37.73,0.32761422
-37.74,0.32759145
-37.75,0.32756868
-37.76,0.32754585
-37.769999999999996,0.32752323
-37.78,0.3275004
-37.79,0.32747757
-37.8,0.32745492
-37.81,0.32743216
-37.82,0.3274094
-37.83,0.32738668
-37.839999999999996,0.3273639
-37.85,0.3273412
-37.86,0.3273185
-37.87,0.32729575
-37.879999999999995,0.32727304
-37.89,0.3272503
-37.9,0.32722762
-37.91,0.32720494
-37.92,0.32718223
-37.93,0.32715958
-37.94,0.32713678
-37.949999999999996,0.32711416
-37.96,0.32709152
-37.97,0.3270688
-37.98,0.3270461
-37.99,0.3270235
-38.0,0.32700086
-38.01,0.3269782
-38.019999999999996,0.3269555
-38.03,0.32693285
-38.04,0.3269102
-38.05,0.32688755
-38.06,0.3268649
-38.07,0.32684234
-38.08,0.32681975
-38.089999999999996,0.3267971
-38.1,0.32677448
-38.11,0.32675192
-38.12,0.32672933
-38.129999999999995,0.3267067
-38.14,0.32668412
-38.15,0.32666153
-38.16,0.32663888
-38.17,0.32661635
-38.18,0.3265937
-38.19,0.32657123
-38.199999999999996,0.3265486
-38.21,0.32652605
-38.22,0.32650352
-38.23,0.32648098
-38.24,0.32645842
-38.25,0.32643577
-38.26,0.32641333
-38.269999999999996,0.3263908
-38.28,0.3263682
-38.29,0.32634574
-38.3,0.3263232
-38.31,0.32630074
-38.32,0.32627818
-38.33,0.3262557
-38.339999999999996,0.32623315
-38.35,0.32621068
-38.36,0.32618824
-38.37,0.32616568
-38.379999999999995,0.32614323
-38.39,0.3261207
-38.4,0.32609823
-38.41,0.3260758
-38.42,0.32605332
-38.43,0.32603082
-38.44,0.32600844
-38.449999999999996,0.32598597
-38.46,0.3259635
-38.47,0.32594106
-38.48,0.32591867
-38.49,0.32589614
-38.5,0.3258738
-38.51,0.32585138
-38.519999999999996,0.32582888
-38.53,0.3258065
-38.54,0.3257841
-38.55,0.3257617
-38.56,0.32573926
-38.57,0.3257169
-38.58,0.3256945
-38.589999999999996,0.3256721
-38.6,0.32564977
-38.61,0.32562736
-38.62,0.32560495
-38.629999999999995,0.32558265
-38.64,0.3255602
-38.65,0.32553792
-38.66,0.32551554
-38.67,0.32549322
-38.68,0.32547086
-38.69,0.32544857
-38.699999999999996,0.32542616
-38.71,0.3254039
-38.72,0.32538155
-38.73,0.32535923
-38.74,0.32533687
-38.75,0.32531455
-38.76,0.32529223
-38.769999999999996,0.32526997
-38.78,0.3252477
-38.79,0.32522535
-38.8,0.32520306
-38.81,0.32518077
-38.82,0.3251585
-38.83,0.32513624
-38.839999999999996,0.325114
-38.85,0.32509172
-38.86,0.32506946
-38.87,0.3250472
-38.879999999999995,0.32502496
-38.89,0.3250027
-38.9,0.32498044
-38.91,0.3249582
-38.92,0.3249359
-38.93,0.32491377
-38.94,0.3248915
-38.949999999999996,0.32486925
-38.96,0.3248471
-38.97,0.32482487
-38.98,0.3248026
-38.99,0.3247804
-39.0,0.32475826
-39.01,0.32473606
-39.019999999999996,0.32471383
-39.03,0.32469165
-39.04,0.32466948
-39.05,0.3246473
-39.06,0.32462513
-39.07,0.32460302
-39.08,0.32458082
-39.089999999999996,0.32455868
-39.1,0.32453656
-39.11,0.32451433
-39.12,0.32449222
-39.129999999999995,0.32447007
-39.14,0.32444793
-39.15,0.32442585
-39.16,0.3244037
-39.17,0.32438156
-39.18,0.32435945
-39.19,0.32433742
-39.199999999999996,0.32431522
-39.21,0.3242931
-39.22,0.32427102
-39.23,0.32424888
-39.24,0.32422683
-39.25,0.3242048
-39.26,0.3241827
-39.269999999999996,0.32416058
-39.28,0.32413858
-39.29,0.3241165
-39.3,0.32409438
-39.31,0.32407236
-39.32,0.3240503
-39.33,0.32402825
-39.339999999999996,0.32400623
-39.35,0.32398424
-39.36,0.32396212
-39.37,0.32394016
-39.379999999999995,0.32391813
-39.39,0.32389608
-39.4,0.32387406
-39.41,0.3238521
-39.42,0.32383004
-39.43,0.32380807
-39.44,0.32378602
-39.449999999999996,0.32376403
-39.46,0.32374203
-39.47,0.32372007
-39.48,0.32369807
-39.49,0.3236761
-39.5,0.32365417
-39.51,0.32363218
-39.519999999999996,0.3236102
-39.53,0.3235883
-39.54,0.32356626
-39.55,0.32354435
-39.56,0.3235224
-39.57,0.3235005
-39.58,0.32347852
-39.589999999999996,0.32345667
-39.6,0.32343468
-39.61,0.32341278
-39.62,0.3233909
-39.629999999999995,0.32336897
-39.64,0.32334703
-39.65,0.3233252
-39.66,0.32330328
-39.67,0.32328135
-39.68,0.32325947
-39.69,0.32323757
-39.699999999999996,0.32321566
-39.71,0.32319382
-39.72,0.32317194
-39.73,0.32315007
-39.74,0.32312822
-39.75,0.3231064
-39.76,0.32308453
-39.769999999999996,0.32306266
-39.78,0.32304084
-39.79,0.323019
-39.8,0.3229971
-39.81,0.3229753
-39.82,0.3229535
-39.83,0.32293165
-39.839999999999996,0.32290983
-39.85,0.32288808
-39.86,0.3228662
-39.87,0.32284445
-39.879999999999995,0.32282266
-39.89,0.32280082
-39.9,0.32277906
-39.91,0.32275724
-39.92,0.32273546
-39.93,0.32271373
-39.94,0.32269192
-39.949999999999996,0.32267016
-39.96,0.3226484
-39.97,0.32262665
-39.98,0.32260492
-39.99,0.32258317
-40.0,0.32256138
-40.01,0.32253963
-40.019999999999996,0.32251793
-40.03,0.32249624
-40.04,0.32247448
-40.05,0.32245275
-40.06,0.32243106
-40.07,0.32240942
-40.08,0.32238764
-40.089999999999996,0.32236588
-40.1,0.32234427
-40.11,0.32232255
-40.12,0.32230088
-40.129999999999995,0.32227916
-40.14,0.32225752
-40.15,0.32223582
-40.16,0.32221413
-40.17,0.32219246
-40.18,0.3221708
-40.19,0.32214913
-40.199999999999996,0.32212746
-40.21,0.32210582
-40.22,0.32208422
-40.23,0.32206255
-40.24,0.32204092
-40.25,0.32201925
-40.26,0.32199764
-40.269999999999996,0.32197598
-40.28,0.32195443
-40.29,0.3219328
-40.3,0.32191125
-40.31,0.32188952
-40.32,0.321868
-40.33,0.3218464
-40.339999999999996,0.32182476
-40.35,0.32180324
-40.36,0.32178164
-40.37,0.32176003
-40.379999999999995,0.32173848
-40.39,0.3217169
-40.4,0.32169533
-40.41,0.32167375
-40.42,0.32165223
-40.43,0.3216307
-40.44,0.32160917
-40.449999999999996,0.32158756
-40.46,0.32156608
-40.47,0.3215445
-40.48,0.32152295
-40.49,0.32150146
-40.5,0.32147992
-40.51,0.32145843
-40.519999999999996,0.3214369
-40.53,0.32141542
-40.54,0.3213939
-40.55,0.32137242
-40.56,0.3213509
-40.57,0.32132936
-40.58,0.3213079
-40.589999999999996,0.32128647
-40.6,0.32126498
-40.61,0.32124352
-40.62,0.3212221
-40.629999999999995,0.32120058
-40.64,0.32117915
-40.65,0.32115766
-40.66,0.32113624
-40.67,0.3211148
-40.68,0.32109338
-40.69,0.32107195
-40.699999999999996,0.3210505
-40.71,0.32102904
-40.72,0.3210077
-40.73,0.3209862
-40.74,0.32096478
-40.75,0.32094342
-40.76,0.32092196
-40.769999999999996,0.32090062
-40.78,0.32087928
-40.79,0.32085782
-40.8,0.32083642
-40.81,0.3208151
-40.82,0.3207937
-40.83,0.3207723
-40.839999999999996,0.32075098
-40.85,0.32072958
-40.86,0.3207082
-40.87,0.32068688
-40.879999999999995,0.3206655
-40.89,0.32064414
-40.9,0.3206228
-40.91,0.32060146
-40.92,0.32058012
-40.93,0.3205588
-40.94,0.32053745
-40.949999999999996,0.32051617
-40.96,0.3204949
-40.97,0.32047355
-40.98,0.32045227
-40.99,0.32043093
-41.0,0.32040966
-41.01,0.32038835
-41.019999999999996,0.32036704
-41.03,0.3203457
-41.04,0.3203245
-41.05,0.32030317
-41.06,0.32028192
-41.07,0.32026064
-41.08,0.3202394
-41.089999999999996,0.32021818
-41.1,0.3201969
-41.11,0.32017565
-41.12,0.32015437
-41.129999999999995,0.32013315
-41.14,0.32011193
-41.15,0.32009068
-41.16,0.3200695
-41.17,0.32004824
-41.18,0.32002702
-41.19,0.32000583
-41.199999999999996,0.3199846
-41.21,0.31996343
-41.22,0.3199422
-41.23,0.31992105
-41.24,0.31989983
-41.25,0.31987858
-41.26,0.31985748
-41.269999999999996,0.31983626
-41.28,0.31981504
-41.29,0.31979394
-41.3,0.3197728
-41.31,0.31975162
-41.32,0.3197305
-41.33,0.31970936
-41.339999999999996,0.31968817
-41.35,0.31966704
-41.36,0.31964582
-41.37,0.31962475
-41.379999999999995,0.31960362
-41.39,0.31958246
-41.4,0.31956136
-41.41,0.3195402
-41.42,0.31951913
-41.43,0.31949803
-41.44,0.31947684
-41.449999999999996,0.31945577
-41.46,0.3194347
-41.47,0.31941363
-41.48,0.3193925
-41.49,0.31937146
-41.5,0.31935042
-41.51,0.31932932
-41.519999999999996,0.31930825
-41.53,0.31928724
-41.54,0.31926614
-41.55,0.3192451
-41.56,0.319224
-41.57,0.31920293
-41.58,0.31918192
-41.589999999999996,0.31916088
-41.6,0.3191399
-41.61,0.31911883
-41.62,0.31909776
-41.629999999999995,0.31907678
-41.64,0.3190558
-41.65,0.31903476
-41.66,0.31901377
-41.67,0.31899282
-41.68,0.31897178
-41.69,0.3189507
-41.699999999999996,0.31892976
-41.71,0.31890878
-41.72,0.3188878
-41.73,0.31886685
-41.74,0.31884587
-41.75,0.31882486
-41.76,0.31880397
-41.769999999999996,0.31878296
-41.78,0.31876194
-41.79,0.31874102
-41.8,0.3187201
-41.81,0.31869918
-41.82,0.3186782
-41.83,0.3186573
-41.839999999999996,0.31863636
-41.85,0.31861544
-41.86,0.3185946
-41.87,0.31857362
-41.879999999999995,0.3185527
-41.89,0.3185318
-41.9,0.31851092
-41.91,0.31849003
-41.92,0.3184691
-41.93,0.3184482
-41.94,0.3184273
-41.949999999999996,0.3184064
-41.96,0.31838554
-41.97,0.31836468
-41.98,0.31834382
-41.99,0.318323
-42.0,0.31830215
-42.01,0.31828123
-42.019999999999996,0.31826037
-42.03,0.3182396
-42.04,0.31821877
-42.05,0.3181979
-42.06,0.31817704
-42.07,0.31815624
-42.08,0.31813538
-42.089999999999996,0.31811458
-42.1,0.3180938
-42.11,0.31807297
-42.12,0.31805214
-42.129999999999995,0.31803137
-42.14,0.3180106
-42.15,0.31798977
-42.16,0.31796896
-42.17,0.31794822
-42.18,0.3179274
-42.19,0.31790662
-42.199999999999996,0.31788582
-42.21,0.31786507
-42.22,0.3178443
-42.23,0.31782356
-42.24,0.31780273
-42.25,0.31778204
-42.26,0.3177613
-42.269999999999996,0.31774056
-42.28,0.31771988
-42.29,0.31769913
-42.3,0.31767836
-42.31,0.31765768
-42.32,0.31763694
-42.33,0.31761628
-42.339999999999996,0.31759548
-42.35,0.31757477
-42.36,0.31755412
-42.37,0.3175334
-42.379999999999995,0.31751266
-42.39,0.31749204
-42.4,0.31747136
-42.41,0.31745067
-42.42,0.31742996
-42.43,0.31740934
-42.44,0.3173886
-42.449999999999996,0.3173679
-42.46,0.3173473
-42.47,0.31732664
-42.48,0.31730598
-42.49,0.31728533
-42.5,0.31726465
-42.51,0.31724405
-42.519999999999996,0.31722343
-42.53,0.31720284
-42.54,0.3171822
-42.55,0.31716156
-42.56,0.31714094
-42.57,0.31712034
-42.58,0.3170997
-42.589999999999996,0.31707904
-42.6,0.31705856
-42.61,0.3170379
-42.62,0.3170173
-42.629999999999995,0.31699672
-42.64,0.31697613
-42.65,0.31695566
-42.66,0.31693506
-42.67,0.3169145
-42.68,0.31689388
-42.69,0.31687337
-42.699999999999996,0.31685275
-42.71,0.31683227
-42.72,0.31681168
-42.73,0.31679115
-42.74,0.31677058
-42.75,0.31675008
-42.76,0.31672955
-42.769999999999996,0.31670904
-42.78,0.31668848
-42.79,0.31666797
-42.8,0.31664747
-42.81,0.31662694
-42.82,0.31660643
-42.83,0.31658596
-42.839999999999996,0.31656548
-42.85,0.31654495
-42.86,0.3165245
-42.87,0.31650403
-42.879999999999995,0.31648353
-42.89,0.31646302
-42.9,0.3164426
-42.91,0.3164221
-42.92,0.31640166
-42.93,0.31638116
-42.94,0.3163607
-42.949999999999996,0.31634027
-42.96,0.31631988
-42.97,0.31629938
-42.98,0.31627893
-42.99,0.3162585
-43.0,0.31623805
-43.01,0.31621766
-43.019999999999996,0.31619722
-43.03,0.31617677
-43.04,0.31615642
-43.05,0.31613597
-43.06,0.31611556
-43.07,0.31609514
-43.08,0.31607476
-43.089999999999996,0.31605443
-43.1,0.31603405
-43.11,0.31601366
-43.12,0.31599328
-43.129999999999995,0.3159729
-43.14,0.31595254
-43.15,0.31593212
-43.16,0.31591177
-43.17,0.31589144
-43.18,0.31587112
-43.19,0.31585073
-43.199999999999996,0.3158304
-43.21,0.31581002
-43.22,0.31578976
-43.23,0.31576937
-43.24,0.31574908
-43.25,0.31572875
-43.26,0.3157085
-43.269999999999996,0.3156881
-43.28,0.3156678
-43.29,0.31564757
-43.3,0.31562722
-43.31,0.31560692
-43.32,0.31558663
-43.33,0.31556636
-43.339999999999996,0.31554604
-43.35,0.3155258
-43.36,0.31550547
-43.37,0.31548524
-43.379999999999995,0.31546494
-43.39,0.3154447
-43.4,0.31542444
-43.41,0.31540418
-43.42,0.31538397
-43.43,0.3153637
-43.44,0.3153435
-43.449999999999996,0.31532323
-43.46,0.315303
-43.47,0.3152827
-43.48,0.31526256
-43.49,0.3152423
-43.5,0.31522208
-43.51,0.31520188
-43.519999999999996,0.3151817
-43.53,0.31516153
-43.54,0.31514126
-43.55,0.31512108
-43.56,0.31510088
-43.57,0.3150807
-43.58,0.3150605
-43.589999999999996,0.31504035
-43.6,0.31502017
-43.61,0.315
-43.62,0.31497982
-43.629999999999995,0.3149597
-43.64,0.31493953
-43.65,0.31491938
-43.66,0.31489924
-43.67,0.31487906
-43.68,0.31485894
-43.69,0.3148388
-43.699999999999996,0.31481868
-43.71,0.3147985
-43.72,0.31477836
-43.73,0.31475827
-43.74,0.31473812
-43.75,0.31471804
-43.76,0.31469792
-43.769999999999996,0.3146778
-43.78,0.31465772
-43.79,0.31463766
-43.8,0.31461754
-43.81,0.31459746
-43.82,0.31457734
-43.83,0.31455737
-43.839999999999996,0.3145373
-43.85,0.3145172
-43.86,0.31449714
-43.87,0.314477
-43.879999999999995,0.314457
-43.89,0.31443694
-43.9,0.3144169
-43.91,0.31439686
-43.92,0.31437683
-43.93,0.3143568
-43.94,0.31433678
-43.949999999999996,0.3143167
-43.96,0.31429663
-43.97,0.3142767
-43.98,0.31425667
-43.99,0.31423664
-44.0,0.3142167
-44.01,0.31419665
-44.019999999999996,0.31417674
-44.03,0.3141567
-44.04,0.31413665
-44.05,0.3141167
-44.06,0.31409672
-44.07,0.31407675
-44.08,0.31405675
-44.089999999999996,0.31403682
-44.1,0.3140168
-44.11,0.3139969
-44.12,0.31397694
-44.129999999999995,0.313957
-44.14,0.313937
-44.15,0.31391707
-44.16,0.31389713
-44.17,0.31387722
-44.18,0.3138573
-44.19,0.3138374
-44.199999999999996,0.3138174
-44.21,0.31379753
-44.22,0.31377754
-44.23,0.31375772
-44.24,0.31373775
-44.25,0.31371784
-44.26,0.31369793
-44.269999999999996,0.3136781
-44.28,0.3136582
-44.29,0.3136383
-44.3,0.31361845
-44.31,0.31359857
-44.32,0.31357867
-44.33,0.31355888
-44.339999999999996,0.31353897
-44.35,0.3135191
-44.36,0.31349915
-44.37,0.3134794
-44.379999999999995,0.3134595
-44.39,0.3134396
-44.4,0.31341988
-44.41,0.3134
-44.42,0.3133802
-44.43,0.31336036
-44.44,0.31334054
-44.449999999999996,0.31332073
-44.46,0.3133009
-44.47,0.3132811
-44.48,0.3132613
-44.49,0.31324148
-44.5,0.3132217
-44.51,0.3132019
-44.519999999999996,0.31318212
-44.53,0.31316227
-44.54,0.31314254
-44.55,0.31312272
-44.56,0.313103
-44.57,0.31308317
-44.58,0.3130635
-44.589999999999996,0.31304365
-44.6,0.31302392
-44.61,0.31300414
-44.62,0.31298447
-44.629999999999995,0.31296468
-44.64,0.31294495
-44.65,0.31292522
-44.66,0.31290546
-44.67,0.31288576
-44.68,0.31286603
-44.69,0.3128463
-44.699999999999996,0.31282657
-44.71,0.3128069
-44.72,0.31278718
-44.73,0.3127674
-44.74,0.31274772
-44.75,0.31272808
-44.76,0.31270838
-44.769999999999996,0.31268865
-44.78,0.31266895
-44.79,0.31264934
-44.8,0.3126296
-44.81,0.31260994
-44.82,0.31259027
-44.83,0.31257063
-44.839999999999996,0.31255102
-44.85,0.31253135
-44.86,0.31251168
-44.87,0.31249204
-44.879999999999995,0.3124724
-44.89,0.31245276
-44.9,0.31243315
-44.91,0.31241345
-44.92,0.3123939
-44.93,0.3123743
-44.94,0.31235465
-44.949999999999996,0.31233498
-44.96,0.31231543
-44.97,0.3122958
-44.98,0.31227618
-44.99,0.3122566
-45.0,0.31223702
-45.01,0.3122174
-45.019999999999996,0.31219783
-45.03,0.31217828
-45.04,0.3121587
-45.05,0.31213912
-45.06,0.3121196
-45.07,0.3121
-45.08,0.31208044
-45.089999999999996,0.3120609
-45.1,0.31204134
-45.11,0.3120218
-45.12,0.31200224
-45.129999999999995,0.31198272
-45.14,0.3119631
-45.15,0.3119436
-45.16,0.3119241
-45.17,0.3119046
-45.18,0.3118851
-45.19,0.31186557
-45.199999999999996,0.31184605
-45.21,0.31182653
-45.22,0.31180707
-45.23,0.31178755
-45.24,0.31176803
-45.25,0.31174856
-45.26,0.31172913
-45.269999999999996,0.31170958
-45.28,0.3116901
-45.29,0.31167063
-45.3,0.3116511
-45.31,0.31163168
-45.32,0.31161228
-45.33,0.31159273
-45.339999999999996,0.31157336
-45.35,0.3115539
-45.36,0.3115344
-45.37,0.311515
-45.379999999999995,0.3114955
-45.39,0.3114761
-45.4,0.31145668
-45.41,0.31143725
-45.42,0.31141788
-45.43,0.31139842
-45.44,0.311379
-45.449999999999996,0.3113596
-45.46,0.31134018
-45.47,0.3113208
-45.48,0.31130138
-45.49,0.311282
-45.5,0.3112626
-45.51,0.31124324
-45.519999999999996,0.31122383
-45.53,0.3112044
-45.54,0.31118512
-45.55,0.31116578
-45.56,0.31114632
-45.57,0.311127
-45.58,0.31110767
-45.589999999999996,0.3110883
-45.6,0.311069
-45.61,0.3110496
-45.62,0.3110303
-45.629999999999995,0.31101093
-45.64,0.31099162
-45.65,0.31097233
-45.66,0.310953
-45.67,0.3109337
-45.68,0.31091434
-45.69,0.31089506
-45.699999999999996,0.31087565
-45.71,0.3108564
-45.72,0.3108371
-45.73,0.31081778
-45.74,0.31079853
-45.75,0.31077924
-45.76,0.31075993
-45.769999999999996,0.31074065
-45.78,0.3107214
-45.79,0.31070212
-45.8,0.31068286
-45.81,0.31066358
-45.82,0.31064436
-45.83,0.3106251
-45.839999999999996,0.31060582
-45.85,0.31058663
-45.86,0.31056738
-45.87,0.3105481
-45.879999999999995,0.3105288
-45.89,0.31050962
-45.9,0.31049037
-45.91,0.31047124
-45.92,0.31045192
-45.93,0.31043276
-45.94,0.3104135
-45.949999999999996,0.31039435
-45.96,0.31037506
-45.97,0.3103559
-45.98,0.31033674
-45.99,0.31031752
-46.0,0.31029835
-46.01,0.31027913
-46.019999999999996,0.31025997
-46.03,0.31024083
-46.04,0.31022164
-46.05,0.3102025
-46.06,0.3101833
-46.07,0.31016412
-46.08,0.31014505
-46.089999999999996,0.3101259
-46.1,0.3101066
-46.11,0.31008747
-46.12,0.31006843
-46.129999999999995,0.31004933
-46.14,0.31003016
-46.15,0.31001103
-46.16,0.3099919
-46.17,0.30997282
-46.18,0.3099537
-46.19,0.3099346
-46.199999999999996,0.3099154
-46.21,0.30989635
-46.22,0.30987728
-46.23,0.3098582
-46.24,0.3098391
-46.25,0.30982003
-46.26,0.3098009
-46.269999999999996,0.30978182
-46.28,0.30976278
-46.29,0.30974367
-46.3,0.3097246
-46.31,0.30970556
-46.32,0.30968648
-46.33,0.30966744
-46.339999999999996,0.3096484
-46.35,0.30962935
-46.36,0.30961028
-46.37,0.3095912
-46.379999999999995,0.30957222
-46.39,0.3095532
-46.4,0.30953416
-46.41,0.3095151
-46.42,0.3094961
-46.43,0.3094771
-46.44,0.30945808
-46.449999999999996,0.30943906
-46.46,0.3094201
-46.47,0.309401
-46.48,0.30938208
-46.49,0.30936307
-46.5,0.3093441
-46.51,0.3093251
-46.519999999999996,0.30930617
-46.53,0.30928716
-46.54,0.30926818
-46.55,0.3092492
-46.56,0.30923027
-46.57,0.30921134
-46.58,0.30919236
-46.589999999999996,0.3091734
-46.6,0.30915448
-46.61,0.3091355
-46.62,0.30911654
-46.629999999999995,0.3090976
-46.64,0.3090787
-46.65,0.30905974
-46.66,0.3090408
-46.67,0.30902195
-46.68,0.309003
-46.69,0.30898407
-46.699999999999996,0.30896515
-46.71,0.30894625
-46.72,0.30892736
-46.73,0.30890843
-46.74,0.30888954
-46.75,0.3088706
-46.76,0.30885178
-46.769999999999996,0.3088329
-46.78,0.30881408
-46.79,0.30879518
-46.8,0.30877632
-46.81,0.3087574
-46.82,0.30873853
-46.83,0.30871972
-46.839999999999996,0.3087008
-46.85,0.30868202
-46.86,0.30866322
-46.87,0.30864435
-46.879999999999995,0.30862543
-46.89,0.30860668
-46.9,0.30858782
-46.91,0.30856895
-46.92,0.30855018
-46.93,0.30853137
-46.94,0.30851254
-46.949999999999996,0.3084937
-46.96,0.30847496
-46.97,0.3084561
-46.98,0.30843735
-46.99,0.3084185
-47.0,0.3083997
-47.01,0.30838096
-47.019999999999996,0.30836216
-47.03,0.3083434
-47.04,0.30832458
-47.05,0.3083058
-47.06,0.3082871
-47.07,0.3082683
-47.08,0.3082496
-47.089999999999996,0.30823076
-47.1,0.30821207
-47.11,0.3081933
-47.12,0.3081746
-47.129999999999995,0.30815583
-47.14,0.30813712
-47.15,0.30811837
-47.16,0.30809966
-47.17,0.3080809
-47.18,0.3080622
-47.19,0.30804345
-47.199999999999996,0.30802473
-47.21,0.3080061
-47.22,0.3079873
-47.23,0.30796865
-47.24,0.3079499
-47.25,0.30793127
-47.26,0.30791256
-47.269999999999996,0.30789384
-47.28,0.3078752
-47.29,0.3078565
-47.3,0.30783778
-47.31,0.30781922
-47.32,0.3078005
-47.33,0.30778182
-47.339999999999996,0.3077632
-47.35,0.3077445
-47.36,0.30772588
-47.37,0.3077072
-47.379999999999995,0.30768853
-47.39,0.3076699
-47.4,0.30765128
-47.41,0.30763268
-47.42,0.30761403
-47.43,0.30759543
-47.44,0.3075768
-47.449999999999996,0.3075582
-47.46,0.30753958
-47.47,0.30752108
-47.48,0.30750236
-47.49,0.3074838
-47.5,0.3074652
-47.51,0.30744663
-47.519999999999996,0.307428
-47.53,0.30740944
-47.54,0.3073908
-47.55,0.30737224
-47.56,0.30735368
-47.57,0.30733514
-47.58,0.30731654
-47.589999999999996,0.30729797
-47.6,0.30727944
-47.61,0.30726093
-47.62,0.3072423
-47.629999999999995,0.30722377
-47.64,0.30720526
-47.65,0.30718675
-47.66,0.30716822
-47.67,0.3071497
-47.68,0.30713114
-47.69,0.30711266
-47.699999999999996,0.30709416
-47.71,0.3070756
-47.72,0.30705705
-47.73,0.30703852
-47.74,0.30702013
-47.75,0.3070015
-47.76,0.30698308
-47.769999999999996,0.30696455
-47.78,0.30694607
-47.79,0.30692762
-47.8,0.3069092
-47.81,0.30689058
-47.82,0.30687213
-47.83,0.30685365
-47.839999999999996,0.30683523
-47.85,0.30681682
-47.86,0.30679834
-47.87,0.30677992
-47.88,0.30676138
-47.89,0.3067429
-47.9,0.30672452
-47.91,0.30670607
-47.92,0.30668765
-47.93,0.30666918
-47.94,0.3066508
-47.949999999999996,0.30663243
-47.96,0.30661398
-47.97,0.3065955
-47.98,0.30657715
-47.99,0.30655873
-48.0,0.30654028
-48.01,0.30652192
-48.019999999999996,0.3065035
-48.03,0.30648518
-48.04,0.3064668
-48.05,0.30644834
-48.06,0.30643
-48.07,0.3064116
-48.08,0.30639327
-48.089999999999996,0.30637485
-48.1,0.30635646
-48.11,0.30633816
-48.12,0.30631983
-48.13,0.30630147
-48.14,0.30628315
-48.15,0.30626473
-48.16,0.30624634
-48.17,0.3062281
-48.18,0.30620974
-48.19,0.3061914
-48.199999999999996,0.30617303
-48.21,0.30615473
-48.22,0.30613643
-48.23,0.30611816
-48.24,0.30609977
-48.25,0.3060815
-48.26,0.3060632
-48.269999999999996,0.30604485
-48.28,0.30602658
-48.29,0.3060083
-48.3,0.30599004
-48.31,0.30597174
-48.32,0.30595344
-48.33,0.3059352
-48.339999999999996,0.30591688
-48.35,0.30589867
-48.36,0.30588025
-48.37,0.30586213
-48.38,0.30584383
-48.39,0.30582556
-48.4,0.30580735
-48.41,0.3057891
-48.42,0.3057708
-48.43,0.3057526
-48.44,0.30573437
-48.449999999999996,0.30571616
-48.46,0.30569795
-48.47,0.30567968
-48.48,0.30566144
-48.49,0.30564323
-48.5,0.30562508
-48.51,0.3056068
-48.519999999999996,0.3055886
-48.53,0.30557042
-48.54,0.30555227
-48.55,0.30553403
-48.56,0.30551577
-48.57,0.30549768
-48.58,0.30547944
-48.589999999999996,0.3054613
-48.6,0.3054431
-48.61,0.30542505
-48.62,0.30540675
-48.63,0.30538866
-48.64,0.30537048
-48.65,0.30535236
-48.66,0.30533412
-48.67,0.30531606
-48.68,0.30529782
-48.69,0.30527967
-48.699999999999996,0.30526155
-48.71,0.30524346
-48.72,0.30522537
-48.73,0.30520725
-48.74,0.305189
-48.75,0.30517095
-48.76,0.3051529
-48.769999999999996,0.3051347
-48.78,0.3051166
-48.79,0.3050986
-48.8,0.30508047
-48.81,0.30506235
-48.82,0.3050443
-48.83,0.30502614
-48.839999999999996,0.30500817
-48.85,0.30499
-48.86,0.30497187
-48.87,0.3049538
-48.88,0.30493578
-48.89,0.30491772
-48.9,0.30489966
-48.91,0.30488157
-48.92,0.30486354
-48.93,0.30484548
-48.94,0.30482748
-48.949999999999996,0.3048094
-48.96,0.3047914
-48.97,0.30477333
-48.98,0.3047553
-48.99,0.30473727
-49.0,0.30471924
-49.01,0.30470124
-49.019999999999996,0.3046832
-49.03,0.30466518
-49.04,0.30464724
-49.05,0.3046292
-49.06,0.30461118
-49.07,0.3045932
-49.08,0.30457515
-49.089999999999996,0.30455717
-49.1,0.3045392
-49.11,0.3045212
-49.12,0.30450326
-49.13,0.30448523
-49.14,0.30446732
-49.15,0.30444932
-49.16,0.30443138
-49.17,0.30441338
-49.18,0.3043954
-49.19,0.30437747
-49.199999999999996,0.3043595
-49.21,0.30434158
-49.22,0.3043236
-49.23,0.30430573
-49.24,0.3042878
-49.25,0.3042699
-49.26,0.30425194
-49.269999999999996,0.304234
-49.28,0.30421606
-49.29,0.3041981
-49.3,0.3041803
-49.31,0.30416232
-49.32,0.3041444
-49.33,0.3041265
-49.339999999999996,0.30410862
-49.35,0.3040908
-49.36,0.3040729
-49.37,0.30405498
-49.38,0.30403712
-49.39,0.30401927
-49.4,0.30400133
-49.41,0.30398345
-49.42,0.3039656
-49.43,0.30394775
-49.44,0.3039299
-49.449999999999996,0.30391198
-49.46,0.30389413
-49.47,0.30387637
-49.48,0.30385846
-49.49,0.30384058
-49.5,0.3038228
-49.51,0.30380502
-49.519999999999996,0.30378708
-49.53,0.30376926
-49.54,0.30375147
-49.55,0.30373365
-49.56,0.30371585
-49.57,0.30369797
-49.58,0.3036802
-49.589999999999996,0.3036624
-49.6,0.30364457
-49.61,0.30362675
-49.62,0.30360904
-49.63,0.30359128
-49.64,0.30357337
-49.65,0.3035557
-49.66,0.30353794
-49.67,0.30352008
-49.68,0.30350238
-49.69,0.30348462
-49.699999999999996,0.30346683
-49.71,0.303449
-49.72,0.30343127
-49.73,0.30341357
-49.74,0.30339578
-49.75,0.30337808
-49.76,0.30336028
-49.769999999999996,0.30334252
-49.78,0.30332485
-49.79,0.30330703
-49.8,0.30328932
-49.81,0.30327165
-49.82,0.30325392
-49.83,0.3032362
-49.839999999999996,0.3032185
-49.85,0.30320078
-49.86,0.30318308
-49.87,0.30316535
-49.88,0.30314767
-49.89,0.30313
-49.9,0.30311224
-49.91,0.30309463
-49.92,0.3030769
-49.93,0.3030592
-49.94,0.3030416
-49.949999999999996,0.30302393
-49.96,0.3030062
-49.97,0.30298856
-49.98,0.3029709
-49.99,0.30295318
-50.0,0.30293554
-50.01,0.30291796
-50.019999999999996,0.30290037
-50.03,0.30288267
-50.04,0.302865
-50.05,0.30284736
-50.06,0.3028297
-50.07,0.3028121
-50.08,0.30279443
-50.089999999999996,0.30277687
-50.1,0.30275923
-50.11,0.30274162
-50.12,0.30272403
-50.13,0.30270642
-50.14,0.30268887
-50.15,0.30267122
-50.16,0.3026536
-50.17,0.30263603
-50.18,0.30261844
-50.19,0.30260086
-50.199999999999996,0.3025832
-50.21,0.3025657
-50.22,0.30254814
-50.23,0.30253056
-50.24,0.30251294
-50.25,0.30249542
-50.26,0.3024778
-50.269999999999996,0.30246028
-50.28,0.30244276
-50.29,0.30242524
-50.3,0.30240768
-50.31,0.30239007
-50.32,0.30237255
-50.33,0.30235496
-50.339999999999996,0.30233756
-50.35,0.3023199
-50.36,0.30230248
-50.37,0.30228502
-50.38,0.30226746
-50.39,0.30224997
-50.4,0.30223238
-50.41,0.30221492
-50.42,0.3021975
-50.43,0.3021799
-50.44,0.3021624
-50.449999999999996,0.30214489
-50.46,0.3021274
-50.47,0.3021099
-50.48,0.3020925
-50.49,0.30207488
-50.5,0.3020575
-50.51,0.30204007
-50.519999999999996,0.30202252
-50.53,0.30200508
-50.54,0.30198774
-50.55,0.30197018
-50.56,0.3019527
-50.57,0.30193532
-50.58,0.30191782
-50.589999999999996,0.30190042
-50.6,0.30188295
-50.61,0.3018655
-50.62,0.30184814
-50.63,0.30183065
-50.64,0.3018133
-50.65,0.3017959
-50.66,0.30177847
-50.67,0.301761
-50.68,0.3017436
-50.69,0.30172622
-50.699999999999996,0.3017088
-50.71,0.30169144
-50.72,0.301674
-50.73,0.3016566
-50.74,0.30163926
-50.75,0.30162188
-50.76,0.30160448
-50.769999999999996,0.30158705
-50.78,0.30156967
-50.79,0.3015524
-50.8,0.30153504
-50.81,0.30151758
-50.82,0.30150032
-50.83,0.30148295
-50.839999999999996,0.30146554
-50.85,0.30144826
-50.86,0.30143088
-50.87,0.3014136
-50.88,0.3013962
-50.89,0.3013789
-50.9,0.3013616
-50.91,0.30134428
-50.92,0.30132687
-50.93,0.3013096
-50.94,0.30129227
-50.949999999999996,0.30127499
-50.96,0.30125767
-50.97,0.30124038
-50.98,0.30122307
-50.99,0.30120578
-51.0,0.30118847
-51.01,0.30117118
-51.019999999999996,0.30115393
-51.03,0.30113664
-51.04,0.30111933
-51.05,0.301102
-51.06,0.30108476
-51.07,0.30106762
-51.08,0.30105028
-51.089999999999996,0.301033
-51.1,0.3010158
-51.11,0.3009986
-51.12,0.30098125
-51.13,0.300964
-51.14,0.30094677
-51.15,0.30092952
-51.16,0.3009122
-51.17,0.30089507
-51.18,0.30087778
-51.19,0.30086064
-51.199999999999996,0.3008434
-51.21,0.30082622
-51.22,0.300809
-51.23,0.30079174
-51.24,0.3007745
-51.25,0.30075732
-51.26,0.30074012
-51.269999999999996,0.30072287
-51.28,0.3007058
-51.29,0.30068853
-51.3,0.30067137
-51.31,0.30065423
-51.32,0.30063704
-51.33,0.3006198
-51.339999999999996,0.3006027
-51.35,0.3005855
-51.36,0.30056837
-51.37,0.3005512
-51.38,0.300534
-51.39,0.3005169
-51.4,0.3004997
-51.41,0.30048257
-51.42,0.3004654
-51.43,0.30044827
-51.44,0.3004312
-51.449999999999996,0.30041397
-51.46,0.30039686
-51.47,0.3003798
-51.48,0.30036268
-51.49,0.30034545
-51.5,0.3003284
-51.51,0.30031127
-51.519999999999996,0.30029416
-51.53,0.30027702
-51.54,0.30025998
-51.55,0.3002429
-51.56,0.30022582
-51.57,0.30020863
-51.58,0.30019155
-51.589999999999996,0.30017453
-51.6,0.30015743
-51.61,0.3001403
-51.62,0.30012324
-51.63,0.3001062
-51.64,0.3000892
-51.65,0.300072
-51.66,0.30005506
-51.67,0.30003798
-51.68,0.3000209
-51.69,0.30000392
-51.699999999999996,0.29998684
-51.71,0.2999698
-51.72,0.2999528
-51.73,0.29993573
-51.74,0.29991862
-51.75,0.29990166
-51.76,0.29988468
-51.769999999999996,0.2998677
-51.78,0.29985055
-51.79,0.29983354
-51.8,0.2998166
-51.81,0.2997996
-51.82,0.2997826
-51.83,0.29976562
-51.839999999999996,0.29974863
-51.85,0.2997316
-51.86,0.2997146
-51.87,0.29969764
-51.88,0.29968065
-51.89,0.29966363
-51.9,0.29964665
-51.91,0.29962972
-51.92,0.2996127
-51.93,0.29959583
-51.94,0.2995788
-51.949999999999996,0.29956186
-51.96,0.29954487
-51.97,0.299528
-51.98,0.299511
-51.99,0.29949403
-52.0,0.2994772
-52.01,0.2994602
-52.019999999999996,0.2994433
-52.03,0.29942638
-52.04,0.29940945
-52.05,0.29939258
-52.06,0.29937568
-52.07,0.2993586
-52.08,0.2993418
-52.089999999999996,0.29932487
-52.1,0.299308
-52.11,0.29929098
-52.12,0.29927415
-52.13,0.29925722
-52.14,0.29924032
-52.15,0.29922348
-52.16,0.29920655
-52.17,0.29918963
-52.18,0.29917282
-52.19,0.2991559
-52.199999999999996,0.29913902
-52.21,0.29912218
-52.22,0.29910535
-52.23,0.29908845
-52.24,0.29907155
-52.25,0.29905483
-52.26,0.29903802
-52.269999999999996,0.29902112
-52.28,0.29900423
-52.29,0.2989874
-52.3,0.29897064
-52.31,0.29895374
-52.32,0.29893687
-52.33,0.29892007
-52.339999999999996,0.2989033
-52.35,0.29888648
-52.36,0.2988696
-52.37,0.29885277
-52.38,0.29883596
-52.39,0.29881918
-52.4,0.29880238
-52.41,0.2987856
-52.42,0.2987688
-52.43,0.29875207
-52.44,0.29873526
-52.449999999999996,0.2987184
-52.46,0.29870167
-52.47,0.29868487
-52.48,0.29866806
-52.49,0.29865134
-52.5,0.29863456
-52.51,0.29861784
-52.519999999999996,0.29860097
-52.53,0.2985843
-52.54,0.2985675
-52.55,0.29855078
-52.56,0.29853404
-52.57,0.29851732
-52.58,0.2985006
-52.589999999999996,0.29848385
-52.6,0.2984671
-52.61,0.2984503
-52.62,0.29843363
-52.63,0.29841694
-52.64,0.29840022
-52.65,0.29838344
-52.66,0.2983667
-52.67,0.29835004
-52.68,0.29833338
-52.69,0.29831666
-52.699999999999996,0.29829988
-52.71,0.29828328
-52.72,0.29826662
-52.73,0.2982499
-52.74,0.2982332
-52.75,0.29821658
-52.76,0.29819986
-52.769999999999996,0.29818323
-52.78,0.29816648
-52.79,0.29814988
-52.8,0.29813322
-52.81,0.29811656
-52.82,0.29809988
-52.83,0.29808322
-52.839999999999996,0.2980665
-52.85,0.29804987
-52.86,0.2980332
-52.87,0.29801664
-52.88,0.298
-52.89,0.29798335
-52.9,0.2979667
-52.91,0.29795003
-52.92,0.2979335
-52.93,0.2979169
-52.94,0.29790032
-52.949999999999996,0.29788363
-52.96,0.29786703
-52.97,0.29785043
-52.98,0.29783386
-52.99,0.2978171
-53.0,0.29780066
-53.01,0.29778403
-53.019999999999996,0.2977675
-53.03,0.29775086
-53.04,0.29773426
-53.05,0.29771775
-53.06,0.29770115
-53.07,0.29768452
-53.08,0.297668
-53.089999999999996,0.29765144
-53.1,0.29763493
-53.11,0.29761827
-53.12,0.2976018
-53.13,0.2975852
-53.14,0.29756868
-53.15,0.29755205
-53.16,0.2975355
-53.17,0.29751897
-53.18,0.29750243
-53.19,0.29748604
-53.199999999999996,0.2974695
-53.21,0.2974529
-53.22,0.2974363
-53.23,0.29741994
-53.24,0.29740334
-53.25,0.29738683
-53.26,0.29737034
-53.269999999999996,0.29735386
-53.28,0.29733732
-53.29,0.29732078
-53.3,0.2973044
-53.31,0.2972878
-53.32,0.2972714
-53.33,0.2972549
-53.339999999999996,0.2972384
-53.35,0.29722193
-53.36,0.29720545
-53.37,0.29718894
-53.38,0.29717258
-53.39,0.2971561
-53.4,0.29713964
-53.41,0.29712313
-53.42,0.29710668
-53.43,0.2970903
-53.44,0.29707378
-53.449999999999996,0.29705742
-53.46,0.29704088
-53.47,0.29702452
-53.48,0.29700804
-53.49,0.29699165
-53.5,0.29697517
-53.51,0.29695874
-53.519999999999996,0.29694244
-53.53,0.29692593
-53.54,0.29690948
-53.55,0.29689315
-53.56,0.29687667
-53.57,0.29686034
-53.58,0.2968439
-53.589999999999996,0.29682747
-53.6,0.29681113
-53.61,0.2967947
-53.62,0.29677832
-53.63,0.296762
-53.64,0.2967456
-53.65,0.29672918
-53.66,0.29671282
-53.67,0.29669645
-53.68,0.29668012
-53.69,0.29666373
-53.699999999999996,0.29664737
-53.71,0.29663098
-53.72,0.29661465
-53.73,0.29659835
-53.74,0.29658198
-53.75,0.29656556
-53.76,0.29654932
-53.769999999999996,0.29653293
-53.78,0.29651663
-53.79,0.2965003
-53.8,0.29648393
-53.81,0.2964676
-53.82,0.29645133
-53.83,0.29643497
-53.839999999999996,0.2964187
-53.85,0.2964024
-53.86,0.2963861
-53.87,0.2963698
-53.88,0.2963534
-53.89,0.2963372
-53.9,0.29632092
-53.91,0.2963046
-53.92,0.29628837
-53.93,0.2962721
-53.94,0.29625574
-53.949999999999996,0.29623947
-53.96,0.29622325
-53.97,0.29620692
-53.98,0.29619074
-53.99,0.29617444
-54.0,0.29615822
-54.01,0.29614192
-54.019999999999996,0.29612565
-54.03,0.29610938
-54.04,0.29609314
-54.05,0.29607692
-54.06,0.29606062
-54.07,0.2960444
-54.08,0.29602826
-54.089999999999996,0.29601198
-54.1,0.29599574
-54.11,0.2959795
-54.12,0.29596338
-54.13,0.2959472
-54.14,0.29593083
-54.15,0.29591462
-54.16,0.29589844
-54.17,0.2958823
-54.18,0.29586604
-54.19,0.29584983
-54.199999999999996,0.29583365
-54.21,0.2958175
-54.22,0.2958013
-54.23,0.29578516
-54.24,0.2957689
-54.25,0.29575276
-54.26,0.29573655
-54.269999999999996,0.2957204
-54.28,0.29570428
-54.29,0.2956881
-54.3,0.29567197
-54.31,0.2956558
-54.32,0.29563957
-54.33,0.29562342
-54.339999999999996,0.29560727
-54.35,0.29559118
-54.36,0.29557502
-54.37,0.2955589
-54.38,0.29554275
-54.39,0.2955266
-54.4,0.29551044
-54.41,0.29549444
-54.42,0.29547828
-54.43,0.29546216
-54.44,0.2954461
-54.449999999999996,0.29542997
-54.46,0.2954138
-54.47,0.29539767
-54.48,0.2953816
-54.49,0.29536554
-54.5,0.2953494
-54.51,0.29533333
-54.519999999999996,0.29531723
-54.53,0.2953011
-54.54,0.29528505
-54.55,0.29526898
-54.56,0.29525292
-54.57,0.29523683
-54.58,0.2952207
-54.589999999999996,0.29520473
-54.6,0.29518867
-54.61,0.29517257
-54.62,0.29515654
-54.63,0.29514048
-54.64,0.29512444
-54.65,0.29510838
-54.66,0.29509228
-54.67,0.29507634
-54.68,0.29506028
-54.69,0.2950442
-54.699999999999996,0.2950282
-54.71,0.29501215
-54.72,0.2949961
-54.73,0.29498014
-54.74,0.29496413
-54.75,0.2949481
-54.76,0.2949321
-54.769999999999996,0.2949161
-54.78,0.29490012
-54.79,0.29488403
-54.8,0.29486808
-54.81,0.29485214
-54.82,0.29483613
-54.83,0.2948201
-54.839999999999996,0.2948041
-54.85,0.29478818
-54.86,0.2947722
-54.87,0.29475617
-54.88,0.2947403
-54.89,0.29472426
-54.9,0.29470834
-54.91,0.2946924
-54.92,0.29467642
-54.93,0.29466048
-54.94,0.29464447
-54.949999999999996,0.2946286
-54.96,0.29461262
-54.97,0.2945966
-54.98,0.29458073
-54.99,0.29456484
-55.0,0.29454884
-55.01,0.29453292
-55.019999999999996,0.29451698
-55.03,0.2945011
-55.04,0.2944852
-55.05,0.29446924
-55.06,0.29445335
-55.07,0.29443738
-55.08,0.2944215
-55.089999999999996,0.29440558
-55.1,0.29438972
-55.11,0.2943738
-55.12,0.294358
-55.13,0.29434204
-55.14,0.29432622
-55.15,0.29431024
-55.16,0.2942944
-55.17,0.29427856
-55.18,0.29426268
-55.19,0.29424676
-55.199999999999996,0.2942309
-55.21,0.29421505
-55.22,0.29419914
-55.23,0.2941833
-55.24,0.29416746
-55.25,0.29415157
-55.26,0.29413584
-55.269999999999996,0.29411995
-55.28,0.2941041
-55.29,0.29408816
-55.3,0.29407242
-55.31,0.29405665
-55.32,0.2940408
-55.33,0.294025
-55.339999999999996,0.29400915
-55.35,0.2939933
-55.36,0.29397735
-55.37,0.2939616
-55.38,0.29394582
-55.39,0.29393008
-55.4,0.29391417
-55.41,0.2938985
-55.42,0.29388267
-55.43,0.29386687
-55.44,0.29385105
-55.449999999999996,0.29383522
-55.46,0.29381952
-55.47,0.2938037
-55.48,0.29378796
-55.49,0.2937722
-55.5,0.2937564
-55.51,0.29374066
-55.519999999999996,0.2937249
-55.53,0.2937091
-55.54,0.29369333
-55.55,0.29367763
-55.56,0.29366183
-55.57,0.2936461
-55.58,0.29363033
-55.589999999999996,0.29361457
-55.6,0.2935989
-55.61,0.2935831
-55.62,0.29356742
-55.63,0.29355168
-55.64,0.29353595
-55.65,0.29352024
-55.66,0.2935045
-55.67,0.29348877
-55.68,0.29347312
-55.69,0.2934573
-55.699999999999996,0.2934417
-55.71,0.29342595
-55.72,0.29341027
-55.73,0.29339457
-55.74,0.2933789
-55.75,0.2933632
-55.76,0.29334754
-55.769999999999996,0.2933318
-55.78,0.29331616
-55.79,0.29330048
-55.8,0.29328483
-55.81,0.2932691
-55.82,0.29325345
-55.83,0.2932379
-55.839999999999996,0.29322213
-55.85,0.29320645
-55.86,0.29319078
-55.87,0.2931752
-55.88,0.29315946
-55.89,0.29314387
-55.9,0.29312813
-55.91,0.29311255
-55.92,0.29309696
-55.93,0.29308134
-55.94,0.29306567
-55.949999999999996,0.29305005
-55.96,0.29303443
-55.97,0.29301876
-55.98,0.29300314
-55.99,0.29298759
-56.0,0.29297197
-56.01,0.29295632
-56.019999999999996,0.2929407
-56.03,0.2929251
-56.04,0.29290953
-56.05,0.292894
-56.06,0.29287836
-56.07,0.29286277
-56.08,0.2928472
-56.089999999999996,0.29283154
-56.1,0.292816
-56.11,0.29280037
-56.12,0.2927849
-56.13,0.29276925
-56.14,0.2927537
-56.15,0.2927381
-56.16,0.29272258
-56.17,0.292707
-56.18,0.29269153
-56.19,0.2926759
-56.199999999999996,0.29266036
-56.21,0.29264483
-56.22,0.29262933
-56.23,0.29261374
-56.24,0.29259822
-56.25,0.2925827
-56.26,0.29256713
-56.269999999999996,0.29255164
-56.28,0.29253614
-56.29,0.29252067
-56.3,0.29250512
-56.31,0.2924896
-56.32,0.29247406
-56.33,0.29245856
-56.339999999999996,0.29244298
-56.35,0.29242748
-56.36,0.29241204
-56.37,0.2923965
-56.38,0.29238102
-56.39,0.29236555
-56.4,0.29235005
-56.41,0.29233456
-56.42,0.29231912
-56.43,0.29230353
-56.44,0.2922882
-56.449999999999996,0.29227263
-56.46,0.29225722
-56.47,0.29224172
-56.48,0.29222625
-56.49,0.29221085
-56.5,0.29219532
-56.51,0.29217985
-56.519999999999996,0.29216442
-56.53,0.29214898
-56.54,0.29213357
-56.55,0.29211816
-56.56,0.29210272
-56.57,0.29208738
-56.58,0.2920719
-56.589999999999996,0.29205644
-56.6,0.29204106
-56.61,0.29202554
-56.62,0.2920102
-56.63,0.29199472
-56.64,0.2919793
-56.65,0.29196393
-56.66,0.29194847
-56.67,0.29193312
-56.68,0.2919177
-56.69,0.29190233
-56.699999999999996,0.29188693
-56.71,0.29187152
-56.72,0.29185617
-56.73,0.2918407
-56.74,0.29182544
-56.75,0.29181
-56.76,0.29179463
-56.769999999999996,0.29177934
-56.78,0.29176393
-56.79,0.29174858
-56.8,0.29173315
-56.81,0.29171786
-56.82,0.29170245
-56.83,0.29168713
-56.839999999999996,0.2916717
-56.85,0.2916564
-56.86,0.29164103
-56.87,0.2916257
-56.88,0.29161042
-56.89,0.29159504
-56.9,0.29157966
-56.91,0.2915645
-56.92,0.29154906
-56.93,0.2915338
-56.94,0.29151842
-56.949999999999996,0.29150304
-56.96,0.29148778
-56.97,0.2914725
-56.98,0.29145718
-56.99,0.29144186
-57.0,0.29142654
-57.01,0.29141125
-57.019999999999996,0.29139593
-57.03,0.29138073
-57.04,0.29136544
-57.05,0.29135007
-57.06,0.2913349
-57.07,0.29131955
-57.08,0.2913043
-57.089999999999996,0.291289
-57.1,0.29127374
-57.11,0.29125848
-57.12,0.29124323
-57.13,0.29122797
-57.14,0.29121268
-57.15,0.29119745
-57.16,0.2911822
-57.17,0.291167
-57.18,0.2911517
-57.19,0.29113647
-57.199999999999996,0.2911212
-57.21,0.29110596
-57.22,0.29109073
-57.23,0.2910756
-57.24,0.29106033
-57.25,0.29104498
-57.26,0.29102987
-57.269999999999996,0.29101464
-57.28,0.2909994
-57.29,0.29098415
-57.3,0.29096898
-57.31,0.29095376
-57.32,0.29093856
-57.33,0.29092336
-57.339999999999996,0.29090816
-57.35,0.290893
-57.36,0.2908778
-57.37,0.2908626
-57.38,0.29084748
-57.39,0.29083225
-57.4,0.290817
-57.41,0.2908019
-57.42,0.2907867
-57.43,0.29077154
-57.44,0.29075646
-57.449999999999996,0.2907412
-57.46,0.2907261
-57.47,0.29071096
-57.48,0.29069573
-57.49,0.29068065
-57.5,0.29066548
-57.51,0.2906503
-57.519999999999996,0.29063517
-57.53,0.2906201
-57.54,0.29060492
-57.55,0.29058975
-57.56,0.29057467
-57.57,0.29055953
-57.58,0.29054445
-57.589999999999996,0.29052934
-57.6,0.2905142
-57.61,0.29049906
-57.62,0.29048398
-57.63,0.29046884
-57.64,0.29045373
-57.65,0.29043865
-57.66,0.2904235
-57.67,0.29040846
-57.68,0.29039332
-57.69,0.29037824
-57.699999999999996,0.2903632
-57.71,0.29034808
-57.72,0.290333
-57.73,0.29031795
-57.74,0.29030287
-57.75,0.29028773
-57.76,0.2902728
-57.769999999999996,0.29025763
-57.78,0.2902426
-57.79,0.29022756
-57.8,0.29021245
-57.81,0.29019737
-57.82,0.29018235
-57.83,0.2901674
-57.839999999999996,0.2901523
-57.85,0.2901373
-57.86,0.29012218
-57.87,0.2901072
-57.88,0.29009217
-57.89,0.29007718
-57.9,0.2900621
-57.91,0.2900471
-57.92,0.2900321
-57.93,0.290017
-57.94,0.290002
-57.949999999999996,0.28998694
-57.96,0.289972
-57.97,0.28995702
-57.98,0.289942
-57.99,0.289927
-58.0,0.28991205
-58.01,0.28989694
-58.019999999999996,0.28988197
-58.03,0.28986698
-58.04,0.28985202
-58.05,0.28983715
-58.06,0.28982204
-58.07,0.28980714
-58.08,0.28979212
-58.089999999999996,0.28977713
-58.1,0.28976214
-58.11,0.2897473
-58.12,0.28973228
-58.13,0.2897173
-58.14,0.28970242
-58.15,0.2896874
-58.16,0.28967243
-58.17,0.28965756
-58.18,0.28964263
-58.19,0.28962767
-58.199999999999996,0.28961274
-58.21,0.2895978
-58.22,0.28958288
-58.23,0.28956795
-58.24,0.28955302
-58.25,0.28953815
-58.26,0.28952315
-58.269999999999996,0.28950825
-58.28,0.28949335
-58.29,0.28947842
-58.3,0.28946352
-58.31,0.28944865
-58.32,0.28943372
-58.33,0.28941876
-58.339999999999996,0.28940392
-58.35,0.2893891
-58.36,0.2893741
-58.37,0.2893592
-58.38,0.2893445
-58.39,0.28932947
-58.4,0.28931463
-58.41,0.28929976
-58.42,0.28928488
-58.43,0.28927004
-58.44,0.28925517
-58.449999999999996,0.2892403
-58.46,0.2892254
-58.47,0.28921053
-58.48,0.2891957
-58.49,0.28918085
-58.5,0.2891659
-58.51,0.28915122
-58.519999999999996,0.28913635
-58.53,0.2891215
-58.54,0.28910664
-58.55,0.2890918
-58.56,0.28907707
-58.57,0.28906217
-58.58,0.28904736
-58.589999999999996,0.28903243
-58.6,0.28901774
-58.61,0.28900287
-58.62,0.2889881
-58.63,0.28897324
-58.64,0.28895855
-58.65,0.28894365
-58.66,0.28892884
-58.67,0.28891408
-58.68,0.2888993
-58.69,0.2888845
-58.699999999999996,0.2888697
-58.71,0.2888549
-58.72,0.28884014
-58.73,0.28882533
-58.74,0.28881055
-58.75,0.2887957
-58.76,0.28878105
-58.769999999999996,0.2887663
-58.78,0.28875145
-58.79,0.2887367
-58.8,0.28872195
-58.81,0.28870726
-58.82,0.28869238
-58.83,0.28867772
-58.839999999999996,0.28866303
-58.85,0.28864822
-58.86,0.2886335
-58.87,0.2886187
-58.88,0.28860408
-58.89,0.28858933
-58.9,0.28857455
-58.91,0.28855988
-58.92,0.28854507
-58.93,0.2885305
-58.94,0.28851575
-58.949999999999996,0.288501
-58.96,0.28848618
-58.97,0.28847158
-58.98,0.28845686
-58.99,0.2884422
-59.0,0.28842747
-59.01,0.28841275
-59.019999999999996,0.28839803
-59.03,0.28838328
-59.04,0.28836867
-59.05,0.28835404
-59.06,0.28833932
-59.07,0.28832462
-59.08,0.28830993
-59.089999999999996,0.28829524
-59.1,0.28828058
-59.11,0.28826597
-59.12,0.28825122
-59.13,0.28823662
-59.14,0.28822196
-59.15,0.28820723
-59.16,0.2881926
-59.17,0.28817797
-59.18,0.28816333
-59.19,0.2881487
-59.199999999999996,0.28813404
-59.21,0.28811944
-59.22,0.28810477
-59.23,0.28809017
-59.24,0.2880755
-59.25,0.2880609
-59.26,0.2880463
-59.269999999999996,0.28803164
-59.28,0.28801703
-59.29,0.28800243
-59.3,0.28798783
-59.31,0.28797317
-59.32,0.28795862
-59.33,0.28794402
-59.339999999999996,0.28792936
-59.35,0.28791478
-59.36,0.28790024
-59.37,0.2878856
-59.38,0.28787094
-59.39,0.28785643
-59.4,0.28784177
-59.41,0.28782722
-59.42,0.2878127
-59.43,0.28779805
-59.44,0.2877835
-59.449999999999996,0.28776905
-59.46,0.28775448
-59.47,0.28773993
-59.48,0.28772533
-59.49,0.28771073
-59.5,0.28769627
-59.51,0.28768164
-59.519999999999996,0.2876671
-59.53,0.28765255
-59.54,0.28763798
-59.55,0.2876235
-59.56,0.28760886
-59.57,0.28759438
-59.58,0.28757983
-59.589999999999996,0.28756532
-59.6,0.2875507
-59.61,0.28753626
-59.62,0.28752175
-59.63,0.28750724
-59.64,0.28749272
-59.65,0.2874782
-59.66,0.28746372
-59.67,0.28744918
-59.68,0.2874347
-59.69,0.28742024
-59.699999999999996,0.28740567
-59.71,0.28739128
-59.72,0.2873767
-59.73,0.28736222
-59.74,0.28734767
-59.75,0.28733325
-59.76,0.28731883
-59.769999999999996,0.2873043
-59.78,0.2872898
-59.79,0.28727537
-59.8,0.2872609
-59.81,0.28724647
-59.82,0.28723192
-59.83,0.2872175
-59.839999999999996,0.287203
-59.85,0.28718862
-59.86,0.28717408
-59.87,0.28715962
-59.88,0.28714526
-59.89,0.2871308
-59.9,0.28711635
-59.91,0.28710195
-59.92,0.28708747
-59.93,0.2870731
-59.94,0.28705865
-59.949999999999996,0.2870442
-59.96,0.2870298
-59.97,0.28701535
-59.98,0.2870009
-59.99,0.28698656
-60.0,0.28697217
-60.01,0.28695777
-60.019999999999996,0.28694332
-60.03,0.28692892
-60.04,0.28691453
-60.05,0.28690007
-60.06,0.28688577
-60.07,0.28687128
-60.08,0.28685692
-60.089999999999996,0.28684255
-60.1,0.28682816
-60.11,0.28681377
-60.12,0.28679937
-60.13,0.28678507
-60.14,0.2867706
-60.15,0.2867563
-60.16,0.28674197
-60.17,0.2867276
-60.18,0.28671318
-60.19,0.2866989
-60.199999999999996,0.28668445
-60.21,0.28667012
-60.22,0.2866559
-60.23,0.28664145
-60.24,0.28662723
-60.25,0.2866128
-60.26,0.2865985
-60.269999999999996,0.28658414
-60.28,0.28656977
-60.29,0.2865554
-60.3,0.28654113
-60.31,0.2865268
-60.32,0.2865125
-60.33,0.28649816
-60.339999999999996,0.2864839
-60.35,0.28646964
-60.36,0.2864552
-60.37,0.28644094
-60.38,0.2864266
-60.39,0.28641236
-60.4,0.28639805
-60.41,0.2863837
-60.42,0.28636947
-60.43,0.28635517
-60.44,0.2863409
-60.449999999999996,0.28632662
-60.46,0.28631222
-60.47,0.28629807
-60.48,0.2862838
-60.49,0.28626946
-60.5,0.28625524
-60.51,0.28624094
-60.519999999999996,0.28622672
-60.53,0.28621244
-60.54,0.28619814
-60.55,0.28618398
-60.56,0.28616965
-60.57,0.28615537
-60.58,0.28614113
-60.589999999999996,0.28612688
-60.6,0.28611267
-60.61,0.28609842
-60.62,0.28608426
-60.63,0.28606996
-60.64,0.28605577
-60.65,0.28604156
-60.66,0.28602728
-60.67,0.2860131
-60.68,0.28599882
-60.69,0.28598464
-60.699999999999996,0.28597042
-60.71,0.28595626
-60.72,0.28594202
-60.73,0.28592786
-60.74,0.28591362
-60.75,0.2858994
-60.76,0.2858852
-60.769999999999996,0.28587106
-60.78,0.28585684
-60.79,0.28584266
-60.8,0.2858285
-60.81,0.2858143
-60.82,0.28580004
-60.83,0.28578585
-60.839999999999996,0.2857717
-60.85,0.28575757
-60.86,0.28574342
-60.87,0.2857292
-60.88,0.28571504
-60.89,0.28570092
-60.9,0.28568664
-60.91,0.28567263
-60.92,0.28565845
-60.93,0.28564435
-60.94,0.2856301
-60.949999999999996,0.28561598
-60.96,0.28560188
-60.97,0.28558767
-60.98,0.2855736
-60.99,0.2855595
-61.0,0.2855453
-61.01,0.2855312
-61.019999999999996,0.2855171
-61.03,0.28550294
-61.04,0.28548887
-61.05,0.28547472
-61.06,0.28546062
-61.07,0.2854465
-61.08,0.2854324
-61.089999999999996,0.2854183
-61.1,0.28540418
-61.11,0.28539008
-61.12,0.28537598
-61.13,0.28536195
-61.14,0.28534782
-61.15,0.2853337
-61.16,0.28531966
-61.17,0.28530547
-61.18,0.28529143
-61.19,0.28527746
-61.199999999999996,0.2852634
-61.21,0.2852493
-61.22,0.28523523
-61.23,0.28522113
-61.24,0.28520703
-61.25,0.28519303
-61.26,0.28517896
-61.269999999999996,0.2851649
-61.28,0.2851508
-61.29,0.28513676
-61.3,0.28512278
-61.31,0.28510866
-61.32,0.28509468
-61.33,0.28508058
-61.339999999999996,0.28506657
-61.35,0.28505257
-61.36,0.2850385
-61.37,0.28502455
-61.38,0.28501046
-61.39,0.2849965
-61.4,0.28498247
-61.41,0.28496844
-61.42,0.28495446
-61.43,0.28494036
-61.44,0.2849264
-61.449999999999996,0.28491247
-61.46,0.28489843
-61.47,0.28488436
-61.48,0.2848704
-61.49,0.28485638
-61.5,0.28484237
-61.51,0.28482836
-61.519999999999996,0.28481445
-61.53,0.28480047
-61.54,0.28478643
-61.55,0.28477252
-61.56,0.28475857
-61.57,0.28474453
-61.58,0.28473055
-61.589999999999996,0.2847167
-61.6,0.28470263
-61.61,0.28468862
-61.62,0.28467473
-61.63,0.28466076
-61.64,0.2846468
-61.65,0.2846329
-61.66,0.2846189
-61.67,0.28460497
-61.68,0.2845911
-61.69,0.2845771
-61.7,0.28456315
-61.71,0.2845492
-61.72,0.28453526
-61.73,0.28452137
-61.74,0.2845074
-61.75,0.28449354
-61.76,0.2844796
-61.769999999999996,0.28446564
-61.78,0.2844518
-61.79,0.28443787
-61.8,0.28442392
-61.81,0.28441012
-61.82,0.28439608
-61.83,0.28438225
-61.839999999999996,0.28436834
-61.85,0.28435445
-61.86,0.28434062
-61.87,0.2843266
-61.88,0.28431273
-61.89,0.2842989
-61.9,0.28428504
-61.91,0.28427112
-61.92,0.2842573
-61.93,0.28424343
-61.94,0.28422952
-61.95,0.2842157
-61.96,0.28420183
-61.97,0.28418788
-61.98,0.28417403
-61.99,0.28416026
-62.0,0.28414634
-62.01,0.28413245
-62.019999999999996,0.28411865
-62.03,0.28410482
-62.04,0.28409094
-62.05,0.28407708
-62.06,0.2840633
-62.07,0.28404936
-62.08,0.28403562
-62.089999999999996,0.2840218
-62.1,0.28400797
-62.11,0.28399417
-62.12,0.28398028
-62.13,0.28396648
-62.14,0.2839527
-62.15,0.28393883
-62.16,0.283925
-62.17,0.28391123
-62.18,0.2838974
-62.19,0.2838836
-62.2,0.28386986
-62.21,0.28385603
-62.22,0.2838422
-62.23,0.28382838
-62.24,0.28381467
-62.25,0.2838009
-62.26,0.28378707
-62.269999999999996,0.28377327
-62.28,0.2837595
-62.29,0.28374574
-62.3,0.28373194
-62.31,0.28371817
-62.32,0.28370446
-62.33,0.28369063
-62.339999999999996,0.28367695
-62.35,0.28366312
-62.36,0.28364933
-62.37,0.28363562
-62.38,0.28362188
-62.39,0.28360814
-62.4,0.28359443
-62.41,0.2835806
-62.42,0.28356683
-62.43,0.2835531
-62.44,0.28353947
-62.45,0.28352565
-62.46,0.28351194
-62.47,0.28349826
-62.48,0.2834845
-62.49,0.28347084
-62.5,0.28345704
-62.51,0.28344333
-62.519999999999996,0.28342956
-62.53,0.28341597
-62.54,0.28340217
-62.55,0.28338853
-62.56,0.2833747
-62.57,0.28336108
-62.58,0.28334737
-62.589999999999996,0.2833337
-62.6,0.28331992
-62.61,0.28330627
-62.62,0.2832926
-62.63,0.2832789
-62.64,0.2832652
-62.65,0.28325158
-62.66,0.2832378
-62.67,0.28322428
-62.68,0.28321064
-62.69,0.2831969
-62.7,0.28318322
-62.71,0.28316948
-62.72,0.28315586
-62.73,0.28314215
-62.74,0.28312853
-62.75,0.28311485
-62.76,0.28310123
-62.769999999999996,0.28308764
-62.78,0.28307396
-62.79,0.28306034
-62.8,0.2830467
-62.81,0.283033
-62.82,0.28301942
-62.83,0.2830057
-62.839999999999996,0.2829921
-62.85,0.2829786
-62.86,0.28296486
-62.87,0.28295133
-62.88,0.28293762
-62.89,0.28292406
-62.9,0.28291044
-62.91,0.28289685
-62.92,0.28288323
-62.93,0.28286964
-62.94,0.28285596
-62.95,0.28284234
-62.96,0.2828288
-62.97,0.2828152
-62.98,0.28280157
-62.99,0.28278804
-63.0,0.28277445
-63.01,0.2827608
-63.019999999999996,0.28274727
-63.03,0.28273374
-63.04,0.28272012
-63.05,0.28270653
-63.06,0.2826929
-63.07,0.28267947
-63.08,0.2826658
-63.089999999999996,0.2826523
-63.1,0.2826387
-63.11,0.28262514
-63.12,0.28261155
-63.13,0.28259805
-63.14,0.28258452
-63.15,0.2825709
-63.16,0.28255734
-63.17,0.2825438
-63.18,0.2825303
-63.19,0.28251684
-63.2,0.28250328
-63.21,0.28248972
-63.22,0.2824762
-63.23,0.28246263
-63.24,0.28244907
-63.25,0.2824356
-63.26,0.28242204
-63.269999999999996,0.28240857
-63.28,0.28239506
-63.29,0.28238153
-63.3,0.28236803
-63.31,0.2823546
-63.32,0.28234103
-63.33,0.2823276
-63.339999999999996,0.282314
-63.35,0.28230044
-63.36,0.28228703
-63.37,0.2822735
-63.38,0.28226003
-63.39,0.28224656
-63.4,0.28223312
-63.41,0.28221953
-63.42,0.2822061
-63.43,0.28219262
-63.44,0.28217927
-63.45,0.28216565
-63.46,0.28215224
-63.47,0.28213876
-63.48,0.2821254
-63.49,0.28211182
-63.5,0.28209835
-63.51,0.28208494
-63.519999999999996,0.28207144
-63.53,0.2820581
-63.54,0.28204465
-63.55,0.28203115
-63.56,0.2820177
-63.57,0.28200424
-63.58,0.28199083
-63.589999999999996,0.28197742
-63.6,0.281964
-63.61,0.28195056
-63.62,0.28193718
-63.63,0.2819237
-63.64,0.28191033
-63.65,0.28189683
-63.66,0.28188345
-63.67,0.28187004
-63.68,0.28185663
-63.69,0.28184325
-63.7,0.28182983
-63.71,0.28181642
-63.72,0.28180298
-63.73,0.28178963
-63.74,0.2817762
-63.75,0.28176287
-63.76,0.28174943
-63.769999999999996,0.28173608
-63.78,0.2817226
-63.79,0.2817093
-63.8,0.28169593
-63.81,0.28168255
-63.82,0.2816691
-63.83,0.28165573
-63.839999999999996,0.28164247
-63.85,0.28162915
-63.86,0.28161573
-63.87,0.2816023
-63.88,0.281589
-63.89,0.28157568
-63.9,0.28156227
-63.91,0.28154886
-63.92,0.2815356
-63.93,0.28152227
-63.94,0.28150898
-63.95,0.2814956
-63.96,0.2814823
-63.97,0.28146884
-63.98,0.28145555
-63.99,0.2814422
-64.0,0.28142902
-64.01,0.2814156
-64.02000000000001,0.28140226
-64.03,0.28138897
-64.04,0.28137568
-64.05000000000001,0.28136224
-64.06,0.281349
-64.07000000000001,0.2813357
-64.08000000000001,0.2813223
-64.09,0.28130907
-64.10000000000001,0.28129587
-64.11,0.28128254
-64.12,0.28126916
-64.13000000000001,0.28125593
-64.14,0.28124258
-64.15,0.28122935
-64.16000000000001,0.28121603
-64.17,0.2812027
-64.18,0.28118953
-64.19000000000001,0.2811762
-64.2,0.28116295
-64.21000000000001,0.28114963
-64.22000000000001,0.28113636
-64.23,0.28112307
-64.24000000000001,0.2811098
-64.25,0.2810966
-64.26,0.2810833
-64.27000000000001,0.28107
-64.28,0.28105682
-64.29,0.2810436
-64.30000000000001,0.2810303
-64.31,0.28101712
-64.32000000000001,0.2810038
-64.33000000000001,0.28099054
-64.34,0.28097743
-64.35000000000001,0.2809641
-64.36,0.28095096
-64.37,0.28093764
-64.38000000000001,0.28092444
-64.39,0.2809112
-64.4,0.280898
-64.41000000000001,0.2808848
-64.42,0.2808715
-64.43,0.28085828
-64.44000000000001,0.2808451
-64.45,0.28083187
-64.46000000000001,0.28081867
-64.47000000000001,0.28080547
-64.48,0.28079227
-64.49000000000001,0.28077906
-64.5,0.28076583
-64.51,0.2807527
-64.52000000000001,0.28073955
-64.53,0.28072628
-64.54,0.28071308
-64.55000000000001,0.28069988
-64.56,0.28068668
-64.57000000000001,0.2806735
-64.58000000000001,0.28066033
-64.59,0.28064722
-64.60000000000001,0.280634
-64.61,0.28062087
-64.62,0.28060764
-64.63000000000001,0.28059447
-64.64,0.2805813
-64.65,0.28056818
-64.66000000000001,0.28055504
-64.67,0.2805419
-64.68,0.28052872
-64.69000000000001,0.28051558
-64.7,0.28050238
-64.71000000000001,0.2804893
-64.72000000000001,0.28047615
-64.73,0.280463
-64.74000000000001,0.28044987
-64.75,0.28043678
-64.76,0.2804236
-64.77000000000001,0.28041047
-64.78,0.2803973
-64.79,0.2803842
-64.80000000000001,0.28037107
-64.81,0.280358
-64.82000000000001,0.28034484
-64.83000000000001,0.28033173
-64.84,0.28031862
-64.85000000000001,0.28030545
-64.86,0.28029242
-64.87,0.28027928
-64.88000000000001,0.2802662
-64.89,0.280253
-64.9,0.2802399
-64.91000000000001,0.2802269
-64.92,0.28021386
-64.93,0.28020072
-64.94000000000001,0.28018758
-64.95,0.28017446
-64.96000000000001,0.28016144
-64.97000000000001,0.28014836
-64.98,0.28013527
-64.99000000000001,0.28012216
-65.0,0.28010905
-65.01,0.28009605
-65.02000000000001,0.280083
-65.03,0.28006995
-65.04,0.2800568
-65.05000000000001,0.28004378
-65.06,0.28003073
-65.07000000000001,0.28001767
-65.08000000000001,0.28000468
-65.09,0.27999157
-65.10000000000001,0.2799785
-65.11,0.27996534
-65.12,0.2799524
-65.13000000000001,0.27993935
-65.14,0.27992633
-65.15,0.27991322
-65.16000000000001,0.27990025
-65.17,0.27988723
-65.18,0.2798742
-65.19000000000001,0.2798612
-65.2,0.27984816
-65.21000000000001,0.27983516
-65.22000000000001,0.27982208
-65.23,0.27980912
-65.24000000000001,0.27979612
-65.25,0.27978316
-65.26,0.27977002
-65.27000000000001,0.27975708
-65.28,0.2797441
-65.29,0.27973112
-65.30000000000001,0.27971804
-65.31,0.279705
-65.32000000000001,0.27969208
-65.33000000000001,0.27967918
-65.34,0.27966607
-65.35000000000001,0.27965313
-65.36,0.27964017
-65.37,0.2796272
-65.38000000000001,0.27961418
-65.39,0.27960122
-65.4,0.2795883
-65.41000000000001,0.2795753
-65.42,0.27956226
-65.43,0.27954936
-65.44000000000001,0.2795364
-65.45,0.27952346
-65.46000000000001,0.27951044
-65.47000000000001,0.27949744
-65.48,0.27948454
-65.49000000000001,0.27947164
-65.5,0.27945873
-65.51,0.27944565
-65.52000000000001,0.27943283
-65.53,0.27941984
-65.54,0.27940693
-65.55000000000001,0.27939397
-65.56,0.27938098
-65.57000000000001,0.27936813
-65.58000000000001,0.27935508
-65.59,0.27934235
-65.60000000000001,0.2793293
-65.61,0.27931637
-65.62,0.2793034
-65.63000000000001,0.27929056
-65.64,0.2792777
-65.65,0.27926478
-65.66000000000001,0.27925178
-65.67,0.27923885
-65.68,0.27922595
-65.69000000000001,0.2792131
-65.7,0.2792003
-65.71000000000001,0.27918732
-65.72000000000001,0.27917445
-65.73,0.27916148
-65.74000000000001,0.27914867
-65.75,0.27913582
-65.76,0.27912292
-65.77000000000001,0.27910998
-65.78,0.2790971
-65.79,0.27908424
-65.80000000000001,0.27907136
-65.81,0.27905858
-65.82000000000001,0.27904567
-65.83000000000001,0.2790327
-65.84,0.2790199
-65.85000000000001,0.2790071
-65.86,0.2789941
-65.87,0.27898133
-65.88000000000001,0.2789685
-65.89,0.2789556
-65.9,0.27894276
-65.91000000000001,0.27892992
-65.92,0.27891713
-65.93,0.27890417
-65.94000000000001,0.27889135
-65.95,0.27887854
-65.96000000000001,0.27886575
-65.97000000000001,0.27885294
-65.98,0.27884004
-65.99000000000001,0.27882725
-66.0,0.27881435
-66.01,0.27880153
-66.02000000000001,0.27878878
-66.03,0.2787759
-66.04,0.27876306
-66.05000000000001,0.27875036
-66.06,0.2787376
-66.07000000000001,0.27872473
-66.08000000000001,0.27871194
-66.09,0.27869904
-66.10000000000001,0.27868629
-66.11,0.27867356
-66.12,0.27866074
-66.13000000000001,0.27864796
-66.14,0.27863505
-66.15,0.27862224
-66.16000000000001,0.2786095
-66.17,0.27859676
-66.18,0.27858394
-66.19000000000001,0.2785712
-66.2,0.27855843
-66.21000000000001,0.27854562
-66.22000000000001,0.27853283
-66.23,0.27852014
-66.24000000000001,0.2785073
-66.25,0.27849457
-66.26,0.2784818
-66.27000000000001,0.27846906
-66.28,0.2784563
-66.29,0.27844352
-66.30000000000001,0.27843076
-66.31,0.27841803
-66.32000000000001,0.27840543
-66.33000000000001,0.27839255
-66.34,0.27837986
-66.35000000000001,0.278367
-66.36,0.27835426
-66.37,0.27834168
-66.38000000000001,0.27832887
-66.39,0.27831608
-66.4,0.27830338
-66.41000000000001,0.27829072
-66.42,0.27827802
-66.43,0.27826518
-66.44000000000001,0.27825248
-66.45,0.27823982
-66.46000000000001,0.27822703
-66.47000000000001,0.27821445
-66.48,0.27820167
-66.49000000000001,0.27818897
-66.5,0.27817622
-66.51,0.2781636
-66.52000000000001,0.27815086
-66.53,0.27813813
-66.54,0.27812546
-66.55000000000001,0.27811274
-66.56,0.2781001
-66.57000000000001,0.2780874
-66.58000000000001,0.27807477
-66.59,0.27806202
-66.60000000000001,0.27804932
-66.61,0.27803665
-66.62,0.27802405
-66.63000000000001,0.27801135
-66.64,0.2779987
-66.65,0.277986
-66.66000000000001,0.27797332
-66.67,0.27796057
-66.68,0.27794805
-66.69000000000001,0.27793533
-66.7,0.2779227
-66.71000000000001,0.27791008
-66.72000000000001,0.2778973
-66.73,0.27788478
-66.74000000000001,0.27787206
-66.75,0.27785945
-66.76,0.27784678
-66.77000000000001,0.27783406
-66.78,0.27782148
-66.79,0.2778089
-66.80000000000001,0.27779636
-66.81,0.27778366
-66.82000000000001,0.27777094
-66.83000000000001,0.27775833
-66.84,0.27774584
-66.85000000000001,0.2777331
-66.86,0.27772054
-66.87,0.277708
-66.88000000000001,0.2776954
-66.89,0.27768263
-66.9,0.27767006
-66.91000000000001,0.27765742
-66.92,0.2776449
-66.93,0.2776323
-66.94000000000001,0.27761966
-66.95,0.2776071
-66.96000000000001,0.2775945
-66.97000000000001,0.27758196
-66.98,0.27756926
-66.99000000000001,0.27755672
-67.0,0.27754408
-67.01,0.27753156
-67.02000000000001,0.27751902
-67.03,0.27750644
-67.04,0.27749383
-67.05000000000001,0.27748114
-67.06,0.27746865
-67.07000000000001,0.27745607
-67.08000000000001,0.27744362
-67.09,0.27743092
-67.10000000000001,0.27741843
-67.11,0.27740586
-67.12,0.2773934
-67.13000000000001,0.2773808
-67.14,0.2773682
-67.15,0.27735567
-67.16000000000001,0.2773431
-67.17,0.2773306
-67.18,0.2773181
-67.19000000000001,0.27730554
-67.2,0.27729297
-67.21000000000001,0.27728045
-67.22000000000001,0.27726793
-67.23,0.27725542
-67.24000000000001,0.2772429
-67.25,0.27723032
-67.26,0.27721784
-67.27000000000001,0.27720532
-67.28,0.2771928
-67.29,0.27718037
-67.30000000000001,0.27716774
-67.31,0.27715522
-67.32000000000001,0.27714273
-67.33000000000001,0.27713022
-67.34,0.27711776
-67.35000000000001,0.27710527
-67.36,0.2770927
-67.37,0.27708018
-67.38000000000001,0.27706775
-67.39,0.27705526
-67.4,0.2770428
-67.41000000000001,0.27703026
-67.42,0.27701774
-67.43,0.27700534
-67.44000000000001,0.2769928
-67.45,0.27698034
-67.46000000000001,0.27696788
-67.47000000000001,0.27695543
-67.48,0.2769429
-67.49000000000001,0.27693045
-67.5,0.276918
-67.51,0.2769056
-67.52000000000001,0.276893
-67.53,0.2768806
-67.54,0.27686816
-67.55000000000001,0.27685574
-67.56,0.27684325
-67.57000000000001,0.27683067
-67.58000000000001,0.27681836
-67.59,0.27680588
-67.60000000000001,0.2767934
-67.61,0.27678108
-67.62,0.2767686
-67.63000000000001,0.2767561
-67.64,0.2767437
-67.65,0.27673128
-67.66000000000001,0.27671888
-67.67,0.27670646
-67.68,0.27669403
-67.69000000000001,0.2766815
-67.7,0.27666917
-67.71000000000001,0.27665672
-67.72000000000001,0.27664438
-67.73,0.276632
-67.74000000000001,0.27661958
-67.75,0.27660707
-67.76,0.2765947
-67.77000000000001,0.27658227
-67.78,0.27656996
-67.79,0.27655748
-67.80000000000001,0.2765451
-67.81,0.2765327
-67.82000000000001,0.27652034
-67.83000000000001,0.27650797
-67.84,0.27649552
-67.85000000000001,0.27648318
-67.86,0.2764708
-67.87,0.27645835
-67.88000000000001,0.276446
-67.89,0.27643368
-67.9,0.27642125
-67.91000000000001,0.27640888
-67.92,0.27639663
-67.93,0.2763842
-67.94000000000001,0.27637184
-67.95,0.27635953
-67.96000000000001,0.27634713
-67.97000000000001,0.2763347
-67.98,0.27632242
-67.99000000000001,0.2763101
-68.0,0.2762977
-68.01,0.27628535
-68.02000000000001,0.27627295
-68.03,0.27626064
-68.04,0.2762483
-68.05000000000001,0.2762361
-68.06,0.27622363
-68.07000000000001,0.27621132
-68.08000000000001,0.27619892
-68.09,0.27618662
-68.10000000000001,0.27617437
-68.11,0.27616194
-68.12,0.27614966
-68.13000000000001,0.2761374
-68.14,0.27612507
-68.15,0.27611277
-68.16000000000001,0.2761005
-68.17,0.27608812
-68.18,0.27607584
-68.19000000000001,0.27606344
-68.2,0.2760512
-68.21000000000001,0.27603891
-68.22000000000001,0.27602655
-68.23,0.2760143
-68.24000000000001,0.276002
-68.25,0.27598974
-68.26,0.2759775
-68.27000000000001,0.27596515
-68.28,0.27595285
-68.29,0.2759406
-68.30000000000001,0.2759283
-68.31,0.27591607
-68.32000000000001,0.2759037
-68.33000000000001,0.2758914
-68.34,0.27587914
-68.35000000000001,0.27586696
-68.36000000000001,0.2758547
-68.37,0.27584246
-68.38000000000001,0.27583012
-68.39,0.2758179
-68.4,0.27580562
-68.41000000000001,0.2757934
-68.42,0.2757811
-68.43,0.27576882
-68.44000000000001,0.27575663
-68.45,0.27574435
-68.46000000000001,0.2757321
-68.47000000000001,0.27571994
-68.48,0.2757077
-68.49000000000001,0.27569544
-68.5,0.27568322
-68.51,0.275671
-68.52000000000001,0.27565873
-68.53,0.27564654
-68.54,0.2756343
-68.55000000000001,0.2756221
-68.56,0.27560985
-68.57000000000001,0.27559757
-68.58000000000001,0.2755854
-68.59,0.2755733
-68.60000000000001,0.27556098
-68.61000000000001,0.2755487
-68.62,0.27553657
-68.63000000000001,0.27552438
-68.64,0.27551213
-68.65,0.2755
-68.66000000000001,0.27548775
-68.67,0.27547556
-68.68,0.27546334
-68.69000000000001,0.27545127
-68.7,0.27543905
-68.71000000000001,0.27542678
-68.72000000000001,0.27541468
-68.73,0.27540246
-68.74000000000001,0.27539024
-68.75,0.27537817
-68.76,0.27536595
-68.77000000000001,0.27535376
-68.78,0.27534163
-68.79,0.2753294
-68.80000000000001,0.27531734
-68.81,0.27530515
-68.82000000000001,0.2752929
-68.83000000000001,0.2752808
-68.84,0.27526867
-68.85000000000001,0.27525654
-68.86000000000001,0.2752443
-68.87,0.27523214
-68.88000000000001,0.27522007
-68.89,0.2752079
-68.9,0.27519575
-68.91000000000001,0.27518353
-68.92,0.27517155
-68.93,0.27515936
-68.94000000000001,0.2751472
-68.95,0.275135
-68.96000000000001,0.27512297
-68.97000000000001,0.27511084
-68.98,0.27509862
-68.99000000000001,0.27508658
-69.0,0.27507442
-69.01,0.27506235
-69.02000000000001,0.27505022
-69.03,0.2750381
-69.04,0.275026
-69.05000000000001,0.2750138
-69.06,0.27500176
-69.07000000000001,0.27498972
-69.08000000000001,0.27497762
-69.09,0.27496547
-69.10000000000001,0.27495337
-69.11000000000001,0.2749413
-69.12,0.27492926
-69.13000000000001,0.27491713
-69.14,0.27490503
-69.15,0.2748929
-69.16000000000001,0.27488083
-69.17,0.27486873
-69.18,0.27485675
-69.19000000000001,0.2748446
-69.2,0.27483255
-69.21000000000001,0.27482045
-69.22000000000001,0.27480838
-69.23,0.27479637
-69.24000000000001,0.27478424
-69.25,0.27477223
-69.26,0.27476016
-69.27000000000001,0.27474812
-69.28,0.27473602
-69.29,0.27472395
-69.30000000000001,0.27471197
-69.31,0.27469987
-69.32000000000001,0.27468783
-69.33000000000001,0.2746758
-69.34,0.27466375
-69.35000000000001,0.27465165
-69.36000000000001,0.27463967
-69.37,0.27462757
-69.38000000000001,0.27461556
-69.39,0.27460352
-69.4,0.27459157
-69.41000000000001,0.2745795
-69.42,0.27456748
-69.43,0.27455547
-69.44000000000001,0.27454337
-69.45,0.27453136
-69.46000000000001,0.27451947
-69.47000000000001,0.2745074
-69.48,0.2744954
-69.49000000000001,0.2744834
-69.5,0.27447128
-69.51,0.27445942
-69.52000000000001,0.27444738
-69.53,0.27443537
-69.54,0.2744233
-69.55000000000001,0.2744114
-69.56,0.27439937
-69.57000000000001,0.27438742
-69.58000000000001,0.27437535
-69.59,0.2743634
-69.60000000000001,0.2743514
-69.61000000000001,0.27433938
-69.62,0.2743275
-69.63000000000001,0.27431542
-69.64,0.27430353
-69.65,0.27429152
-69.66000000000001,0.27427953
-69.67,0.2742676
-69.68,0.27425557
-69.69000000000001,0.27424374
-69.7,0.2742317
-69.71000000000001,0.27421972
-69.72000000000001,0.2742077
-69.73,0.2741958
-69.74000000000001,0.27418393
-69.75,0.27417195
-69.76,0.27415994
-69.77000000000001,0.27414802
-69.78,0.2741361
-69.79,0.27412418
-69.80000000000001,0.27411225
-69.81,0.27410027
-69.82000000000001,0.27408835
-69.83000000000001,0.2740764
-69.84,0.27406448
-69.85000000000001,0.27405253
-69.86000000000001,0.2740406
-69.87,0.2740286
-69.88000000000001,0.27401674
-69.89,0.27400485
-69.9,0.27399293
-69.91000000000001,0.27398103
-69.92,0.27396908
-69.93,0.27395722
-69.94000000000001,0.27394524
-69.95,0.27393335
-69.96000000000001,0.2739215
-69.97000000000001,0.27390957
-69.98,0.27389768
-69.99000000000001,0.2738857
-70.0,0.2738739
-70.01,0.2738619
-70.02000000000001,0.2738501
-70.03,0.27383822
-70.04,0.27382624
-70.05000000000001,0.2738144
-70.06,0.27380255
-70.07000000000001,0.27379063
-70.08000000000001,0.27377886
-70.09,0.2737669
-70.10000000000001,0.273755
-70.11000000000001,0.27374315
-70.12,0.27373132
-70.13000000000001,0.27371946
-70.14,0.27370757
-70.15,0.27369562
-70.16000000000001,0.27368385
-70.17,0.27367207
-70.18,0.27366018
-70.19000000000001,0.27364826
-70.2,0.27363634
-70.21000000000001,0.27362463
-70.22000000000001,0.2736127
-70.23,0.2736009
-70.24000000000001,0.27358904
-70.25,0.2735772
-70.26,0.27356535
-70.27000000000001,0.2735535
-70.28,0.27354172
-70.29,0.27352986
-70.30000000000001,0.2735181
-70.31,0.27350613
-70.32000000000001,0.27349436
-70.33000000000001,0.27348256
-70.34,0.27347064
-70.35000000000001,0.27345887
-70.36000000000001,0.2734471
-70.37,0.2734353
-70.38000000000001,0.2734234
-70.39,0.2734116
-70.4,0.27339983
-70.41000000000001,0.27338806
-70.42,0.2733762
-70.43,0.27336442
-70.44000000000001,0.27335256
-70.45,0.27334082
-70.46000000000001,0.27332905
-70.47000000000001,0.27331728
-70.48,0.2733054
-70.49000000000001,0.27329367
-70.5,0.27328178
-70.51,0.27327007
-70.52000000000001,0.27325833
-70.53,0.2732466
-70.54,0.2732348
-70.55000000000001,0.27322298
-70.56,0.27321115
-70.57000000000001,0.27319944
-70.58000000000001,0.2731877
-70.59,0.27317593
-70.60000000000001,0.27316412
-70.61000000000001,0.27315244
-70.62,0.2731406
-70.63000000000001,0.2731289
-70.64,0.2731171
-70.65,0.27310535
-70.66000000000001,0.27309355
-70.67,0.27308178
-70.68,0.27307016
-70.69000000000001,0.2730584
-70.7,0.2730467
-70.71000000000001,0.27303487
-70.72000000000001,0.27302307
-70.73,0.27301142
-70.74000000000001,0.27299967
-70.75,0.27298793
-70.76,0.27297613
-70.77000000000001,0.27296448
-70.78,0.2729528
-70.79,0.27294102
-70.80000000000001,0.2729293
-70.81,0.2729176
-70.82000000000001,0.27290592
-70.83000000000001,0.2728941
-70.84,0.2728824
-70.85000000000001,0.27287075
-70.86000000000001,0.2728591
-70.87,0.2728473
-70.88000000000001,0.27283567
-70.89,0.27282387
-70.9,0.27281222
-70.91000000000001,0.27280045
-70.92,0.2727889
-70.93,0.27277714
-70.94000000000001,0.27276543
-70.95,0.27275375
-70.96000000000001,0.27274212
-70.97000000000001,0.27273044
-70.98,0.2727187
-70.99000000000001,0.27270702
-71.0,0.27269536
-71.01,0.27268368
-71.02000000000001,0.272672
-71.03,0.27266032
-71.04,0.2726486
-71.05000000000001,0.2726369
-71.06,0.2726253
-71.07000000000001,0.2726136
-71.08000000000001,0.27260193
-71.09,0.2725903
-71.10000000000001,0.2725787
-71.11000000000001,0.27256703
-71.12,0.27255526
-71.13000000000001,0.27254367
-71.14,0.2725321
-71.15,0.27252036
-71.16000000000001,0.27250883
-71.17,0.27249706
-71.18,0.27248544
-71.19000000000001,0.2724739
-71.2,0.2724622
-71.21000000000001,0.2724506
-71.22000000000001,0.2724389
-71.23,0.2724273
-71.24000000000001,0.2724157
-71.25,0.2724041
-71.26,0.27239245
-71.27000000000001,0.27238083
-71.28,0.27236912
-71.29,0.27235758
-71.30000000000001,0.27234593
-71.31,0.27233437
-71.32000000000001,0.27232277
-71.33000000000001,0.27231112
-71.34,0.27229956
-71.35000000000001,0.27228785
-71.36000000000001,0.27227634
-71.37,0.27226478
-71.38000000000001,0.27225316
-71.39,0.27224147
-71.4,0.2722299
-71.41000000000001,0.27221838
-71.42,0.27220672
-71.43,0.27219522
-71.44000000000001,0.2721836
-71.45,0.272172
-71.46000000000001,0.2721604
-71.47000000000001,0.27214882
-71.48,0.27213725
-71.49000000000001,0.2721258
-71.5,0.2721141
-71.51,0.27210256
-71.52000000000001,0.27209094
-71.53,0.27207947
-71.54,0.2720679
-71.55000000000001,0.2720563
-71.56,0.27204472
-71.57000000000001,0.27203318
-71.58000000000001,0.2720216
-71.59,0.27201006
-71.60000000000001,0.27199855
-71.61000000000001,0.271987
-71.62,0.2719754
-71.63000000000001,0.27196383
-71.64,0.2719524
-71.65,0.2719407
-71.66000000000001,0.27192932
-71.67,0.27191773
-71.68,0.27190626
-71.69000000000001,0.27189466
-71.7,0.27188322
-71.71000000000001,0.2718716
-71.72000000000001,0.27186006
-71.73,0.27184862
-71.74000000000001,0.27183706
-71.75,0.27182558
-71.76,0.27181402
-71.77000000000001,0.27180257
-71.78,0.27179095
-71.79,0.2717795
-71.80000000000001,0.271768
-71.81,0.27175653
-71.82000000000001,0.27174503
-71.83000000000001,0.2717336
-71.84,0.27172205
-71.85000000000001,0.2717105
-71.86000000000001,0.27169895
-71.87,0.2716875
-71.88000000000001,0.271676
-71.89,0.2716645
-71.9,0.27165306
-71.91000000000001,0.2716415
-71.92,0.2716301
-71.93,0.27161855
-71.94000000000001,0.2716071
-71.95,0.2715956
-71.96000000000001,0.27158412
-71.97000000000001,0.27157265
-71.98,0.27156115
-71.99000000000001,0.27154973
-72.0,0.2715383
-72.01,0.2715268
-72.02000000000001,0.2715153
-72.03,0.2715039
-72.04,0.27149233
-72.05000000000001,0.27148098
-72.06,0.27146953
-72.07000000000001,0.2714581
-72.08000000000001,0.2714466
-72.09,0.27143523
-72.10000000000001,0.27142373
-72.11000000000001,0.2714123
-72.12,0.27140078
-72.13000000000001,0.2713894
-72.14,0.27137792
-72.15,0.27136654
-72.16000000000001,0.27135512
-72.17,0.27134365
-72.18,0.2713322
-72.19000000000001,0.27132082
-72.2,0.2713094
-72.21000000000001,0.27129793
-72.22000000000001,0.27128655
-72.23,0.2712751
-72.24000000000001,0.27126366
-72.25,0.27125233
-72.26,0.27124086
-72.27000000000001,0.2712295
-72.28,0.271218
-72.29,0.27120665
-72.30000000000001,0.27119523
-72.31,0.27118382
-72.32000000000001,0.27117246
-72.33000000000001,0.2711611
-72.34,0.27114967
-72.35000000000001,0.2711383
-72.36000000000001,0.27112687
-72.37,0.27111548
-72.38000000000001,0.2711041
-72.39,0.27109274
-72.4,0.27108133
-72.41000000000001,0.27106997
-72.42,0.2710586
-72.43,0.27104723
-72.44000000000001,0.27103576
-72.45,0.27102447
-72.46000000000001,0.2710131
-72.47000000000001,0.27100182
-72.48,0.2709903
-72.49000000000001,0.27097902
-72.5,0.27096766
-72.51,0.27095628
-72.52000000000001,0.27094498
-72.53,0.2709336
-72.54,0.27092224
-72.55000000000001,0.27091086
-72.56,0.2708995
-72.57000000000001,0.2708882
-72.58000000000001,0.27087682
-72.59,0.27086553
-72.60000000000001,0.2708541
-72.61000000000001,0.2708427
-72.62,0.27083144
-72.63000000000001,0.27082008
-72.64,0.27080882
-72.65,0.27079752
-72.66000000000001,0.27078608
-72.67,0.27077472
-72.68,0.27076355
-72.69000000000001,0.27075225
-72.7,0.27074087
-72.71000000000001,0.27072945
-72.72000000000001,0.2707182
-72.73,0.27070686
-72.74000000000001,0.2706956
-72.75,0.2706843
-72.76,0.27067292
-72.77000000000001,0.27066165
-72.78,0.2706503
-72.79,0.27063903
-72.80000000000001,0.27062774
-72.81,0.2706164
-72.82000000000001,0.27060515
-72.83000000000001,0.27059382
-72.84,0.27058256
-72.85000000000001,0.27057126
-72.86000000000001,0.27056006
-72.87,0.27054867
-72.88000000000001,0.27053747
-72.89,0.2705262
-72.9,0.27051485
-72.91000000000001,0.27050358
-72.92,0.27049237
-72.93,0.27048102
-72.94000000000001,0.27046978
-72.95,0.2704584
-72.96000000000001,0.2704472
-72.97000000000001,0.27043596
-72.98,0.27042466
-72.99000000000001,0.27041352
-73.0,0.27040213
-73.01,0.27039096
-73.02000000000001,0.27037966
-73.03,0.27036846
-73.04,0.27035725
-73.05000000000001,0.27034584
-73.06,0.27033466
-73.07000000000001,0.2703234
-73.08000000000001,0.27031222
-73.09,0.270301
-73.10000000000001,0.27028972
-73.11000000000001,0.27027845
-73.12,0.27026725
-73.13000000000001,0.270256
-73.14,0.27024487
-73.15,0.27023357
-73.16000000000001,0.27022234
-73.17,0.27021107
-73.18,0.27019984
-73.19000000000001,0.2701887
-73.2,0.27017748
-73.21000000000001,0.27016625
-73.22000000000001,0.27015495
-73.23,0.27014378
-73.24000000000001,0.27013263
-73.25,0.2701214
-73.26,0.27011016
-73.27000000000001,0.27009898
-73.28,0.2700878
-73.29,0.2700766
-73.30000000000001,0.27006537
-73.31,0.27005413
-73.32000000000001,0.2700431
-73.33000000000001,0.27003184
-73.34,0.27002063
-73.35000000000001,0.27000946
-73.36000000000001,0.2699982
-73.37,0.269987
-73.38000000000001,0.26997584
-73.39,0.26996472
-73.4,0.2699535
-73.41000000000001,0.26994234
-73.42,0.2699311
-73.43,0.26992002
-73.44000000000001,0.2699089
-73.45,0.26989773
-73.46000000000001,0.26988643
-73.47000000000001,0.26987538
-73.48,0.26986423
-73.49000000000001,0.26985303
-73.5,0.2698419
-73.51,0.26983067
-73.52000000000001,0.26981956
-73.53,0.26980838
-73.54,0.2697973
-73.55000000000001,0.26978606
-73.56,0.26977494
-73.57000000000001,0.2697638
-73.58000000000001,0.2697527
-73.59,0.26974154
-73.60000000000001,0.26973042
-73.61000000000001,0.2697192
-73.62,0.26970816
-73.63000000000001,0.26969704
-73.64,0.26968586
-73.65,0.2696747
-73.66000000000001,0.26966363
-73.67,0.26965243
-73.68,0.26964146
-73.69000000000001,0.26963022
-73.7,0.26961917
-73.71000000000001,0.26960802
-73.72000000000001,0.2695969
-73.73,0.26958582
-73.74000000000001,0.2695747
-73.75,0.26956356
-73.76,0.26955247
-73.77000000000001,0.2695414
-73.78,0.26953024
-73.79,0.26951918
-73.80000000000001,0.26950806
-73.81,0.26949698
-73.82000000000001,0.26948592
-73.83000000000001,0.2694748
-73.84,0.26946378
-73.85000000000001,0.26945266
-73.86000000000001,0.2694416
-73.87,0.26943043
-73.88000000000001,0.26941934
-73.89,0.26940832
-73.9,0.26939717
-73.91000000000001,0.26938614
-73.92,0.26937503
-73.93,0.26936394
-73.94000000000001,0.26935288
-73.95,0.26934183
-73.96000000000001,0.26933077
-73.97000000000001,0.26931968
-73.98,0.26930863
-73.99000000000001,0.26929763
-74.0,0.26928648
-74.01,0.26927546
-74.02000000000001,0.2692645
-74.03,0.26925337
-74.04,0.26924226
-74.05000000000001,0.2692313
-74.06,0.2692203
-74.07000000000001,0.26920918
-74.08000000000001,0.2691981
-74.09,0.2691871
-74.10000000000001,0.2691761
-74.11000000000001,0.26916507
-74.12,0.26915395
-74.13000000000001,0.26914293
-74.14,0.26913187
-74.15,0.26912087
-74.16000000000001,0.2691099
-74.17,0.26909888
-74.18,0.26908782
-74.19000000000001,0.26907688
-74.2,0.26906574
-74.21000000000001,0.26905477
-74.22000000000001,0.2690438
-74.23,0.2690328
-74.24000000000001,0.26902172
-74.25,0.26901075
-74.26,0.26899973
-74.27000000000001,0.26898876
-74.28,0.2689777
-74.29,0.26896673
-74.30000000000001,0.2689557
-74.31,0.26894462
-74.32000000000001,0.26893383
-74.33000000000001,0.2689227
-74.34,0.26891175
-74.35000000000001,0.26890078
-74.36000000000001,0.26888976
-74.37,0.26887876
-74.38000000000001,0.26886785
-74.39,0.26885685
-74.4,0.26884586
-74.41000000000001,0.2688348
-74.42,0.26882392
-74.43,0.2688129
-74.44000000000001,0.26880193
-74.45,0.26879093
-74.46000000000001,0.26877993
-74.47000000000001,0.268769
-74.48,0.26875812
-74.49000000000001,0.26874718
-74.5,0.26873618
-74.51,0.2687252
-74.52000000000001,0.26871425
-74.53,0.2687033
-74.54,0.26869237
-74.55000000000001,0.2686814
-74.56,0.26867047
-74.57000000000001,0.2686596
-74.58000000000001,0.26864862
-74.59,0.26863763
-74.60000000000001,0.26862666
-74.61000000000001,0.26861575
-74.62,0.2686049
-74.63000000000001,0.26859388
-74.64,0.26858294
-74.65,0.26857203
-74.66000000000001,0.2685611
-74.67,0.26855022
-74.68,0.26853925
-74.69000000000001,0.26852834
-74.7,0.2685175
-74.71000000000001,0.2685065
-74.72000000000001,0.26849562
-74.73,0.26848468
-74.74000000000001,0.26847383
-74.75,0.2684629
-74.76,0.268452
-74.77000000000001,0.26844105
-74.78,0.26843017
-74.79,0.26841927
-74.80000000000001,0.2684084
-74.81,0.26839745
-74.82000000000001,0.26838657
-74.83000000000001,0.2683756
-74.84,0.2683648
-74.85000000000001,0.2683539
-74.86000000000001,0.26834303
-74.87,0.26833206
-74.88000000000001,0.26832128
-74.89,0.26831037
-74.9,0.26829952
-74.91000000000001,0.26828858
-74.92,0.26827773
-74.93,0.26826686
-74.94000000000001,0.26825595
-74.95,0.26824504
-74.96000000000001,0.26823422
-74.97000000000001,0.2682234
-74.98,0.26821253
-74.99000000000001,0.26820162
-75.0,0.26819074
-75.01,0.26817986
-75.02000000000001,0.2681691
-75.03,0.26815817
-75.04,0.26814738
-75.05000000000001,0.26813647
-75.06,0.2681257
-75.07000000000001,0.26811486
-75.08000000000001,0.2681039
-75.09,0.26809314
-75.10000000000001,0.26808235
-75.11000000000001,0.26807147
-75.12,0.26806068
-75.13000000000001,0.26804978
-75.14,0.2680389
-75.15,0.26802814
-75.16000000000001,0.2680173
-75.17,0.2680065
-75.18,0.2679956
-75.19000000000001,0.2679848
-75.2,0.26797396
-75.21000000000001,0.26796314
-75.22000000000001,0.26795226
-75.23,0.26794153
-75.24000000000001,0.26793075
-75.25,0.26791984
-75.26,0.26790908
-75.27000000000001,0.26789835
-75.28,0.26788747
-75.29,0.26787668
-75.30000000000001,0.26786593
-75.31,0.26785505
-75.32000000000001,0.26784432
-75.33000000000001,0.2678335
-75.34,0.26782274
-75.35000000000001,0.26781183
-75.36000000000001,0.2678011
-75.37,0.2677903
-75.38000000000001,0.26777962
-75.39,0.26776877
-75.4,0.26775795
-75.41000000000001,0.26774722
-75.42,0.26773635
-75.43,0.2677256
-75.44000000000001,0.26771492
-75.45,0.26770407
-75.46000000000001,0.2676933
-75.47000000000001,0.26768252
-75.48,0.2676718
-75.49000000000001,0.26766106
-75.5,0.26765028
-75.51,0.2676395
-75.52000000000001,0.2676287
-75.53,0.26761794
-75.54,0.2676072
-75.55000000000001,0.26759642
-75.56,0.26758575
-75.57000000000001,0.267575
-75.58000000000001,0.26756427
-75.59,0.26755348
-75.60000000000001,0.26754272
-75.61000000000001,0.267532
-75.62,0.2675212
-75.63000000000001,0.2675105
-75.64,0.26749977
-75.65,0.26748902
-75.66000000000001,0.26747835
-75.67,0.26746756
-75.68,0.2674568
-75.69000000000001,0.26744616
-75.7,0.26743543
-75.71000000000001,0.26742467
-75.72000000000001,0.26741388
-75.73,0.26740322
-75.74000000000001,0.2673925
-75.75,0.26738176
-75.76,0.26737112
-75.77000000000001,0.26736033
-75.78,0.26734963
-75.79,0.26733893
-75.80000000000001,0.26732823
-75.81,0.26731756
-75.82000000000001,0.26730683
-75.83000000000001,0.26729614
-75.84,0.26728547
-75.85000000000001,0.26727477
-75.86000000000001,0.26726404
-75.87,0.26725337
-75.88000000000001,0.2672427
-75.89,0.26723197
-75.9,0.26722124
-75.91000000000001,0.26721054
-75.92,0.26719996
-75.93,0.2671892
-75.94000000000001,0.2671786
-75.95,0.26716787
-75.96000000000001,0.2671572
-75.97000000000001,0.2671465
-75.98,0.26713586
-75.99000000000001,0.26712522
-76.0,0.26711455
-76.01,0.26710382
-76.02000000000001,0.26709318
-76.03,0.2670825
-76.04,0.26707178
-76.05000000000001,0.26706123
-76.06,0.26705053
-76.07000000000001,0.26703987
-76.08000000000001,0.26702923
-76.09,0.2670186
-76.10000000000001,0.26700795
-76.11000000000001,0.26699737
-76.12,0.26698667
-76.13000000000001,0.266976
-76.14,0.2669654
-76.15,0.26695478
-76.16000000000001,0.26694405
-76.17,0.26693338
-76.18,0.26692286
-76.19000000000001,0.26691216
-76.2,0.2669016
-76.21000000000001,0.26689094
-76.22000000000001,0.26688033
-76.23,0.26686972
-76.24000000000001,0.26685905
-76.25,0.26684847
-76.26,0.2668378
-76.27000000000001,0.2668272
-76.28,0.26681662
-76.29,0.26680607
-76.30000000000001,0.26679534
-76.31,0.26678473
-76.32000000000001,0.26677406
-76.33000000000001,0.2667635
-76.34,0.26675293
-76.35000000000001,0.2667423
-76.36000000000001,0.2667317
-76.37,0.26672113
-76.38000000000001,0.26671052
-76.39,0.26669988
-76.4,0.26668927
-76.41000000000001,0.26667878
-76.42,0.26666814
-76.43,0.2666575
-76.44000000000001,0.26664695
-76.45,0.2666363
-76.46000000000001,0.26662585
-76.47000000000001,0.26661524
-76.48,0.26660466
-76.49000000000001,0.26659405
-76.5,0.26658344
-76.51,0.26657292
-76.52000000000001,0.26656234
-76.53,0.2665518
-76.54,0.2665413
-76.55000000000001,0.2665306
-76.56,0.26652008
-76.57000000000001,0.2665095
-76.58000000000001,0.26649898
-76.59,0.2664884
-76.60000000000001,0.26647788
-76.61000000000001,0.2664673
-76.62,0.26645672
-76.63000000000001,0.26644623
-76.64,0.26643562
-76.65,0.26642507
-76.66000000000001,0.26641452
-76.67,0.26640403
-76.68,0.26639348
-76.69000000000001,0.26638302
-76.7,0.26637247
-76.71000000000001,0.26636186
-76.72000000000001,0.26635134
-76.73,0.26634076
-76.74000000000001,0.26633024
-76.75,0.26631975
-76.76,0.2663092
-76.77000000000001,0.26629868
-76.78,0.2662882
-76.79,0.2662777
-76.80000000000001,0.26626712
-76.81,0.26625663
-76.82000000000001,0.26624608
-76.83000000000001,0.26623562
-76.84,0.2662251
-76.85000000000001,0.26621458
-76.86000000000001,0.2662041
-76.87,0.26619357
-76.88000000000001,0.26618308
-76.89,0.2661726
-76.9,0.26616204
-76.91000000000001,0.2661516
-76.92,0.26614103
-76.93,0.2661305
-76.94000000000001,0.26612002
-76.95,0.26610962
-76.96000000000001,0.26609913
-76.97000000000001,0.26608866
-76.98,0.2660781
-76.99000000000001,0.26606768
-77.0,0.2660572
-77.01,0.26604667
-77.02000000000001,0.26603624
-77.03,0.26602575
-77.04,0.2660153
-77.05000000000001,0.26600474
-77.06,0.26599434
-77.07000000000001,0.2659839
-77.08000000000001,0.26597336
-77.09,0.26596296
-77.10000000000001,0.26595247
-77.11000000000001,0.265942
-77.12,0.26593152
-77.13000000000001,0.26592106
-77.14,0.26591057
-77.15,0.26590016
-77.16000000000001,0.26588967
-77.17,0.26587927
-77.18,0.26586878
-77.19000000000001,0.26585835
-77.2,0.26584792
-77.21000000000001,0.2658375
-77.22000000000001,0.265827
-77.23,0.2658167
-77.24000000000001,0.2658062
-77.25,0.26579577
-77.26,0.2657853
-77.27000000000001,0.26577488
-77.28,0.26576445
-77.29,0.26575398
-77.30000000000001,0.26574358
-77.31,0.2657332
-77.32000000000001,0.26572275
-77.33000000000001,0.26571226
-77.34,0.26570195
-77.35000000000001,0.2656915
-77.36000000000001,0.2656811
-77.37,0.26567063
-77.38000000000001,0.26566023
-77.39,0.26564988
-77.4,0.26563948
-77.41000000000001,0.26562905
-77.42,0.26561862
-77.43,0.26560825
-77.44000000000001,0.2655978
-77.45,0.26558736
-77.46000000000001,0.26557708
-77.47000000000001,0.26556662
-77.48,0.26555628
-77.49000000000001,0.26554587
-77.5,0.2655354
-77.51,0.265525
-77.52000000000001,0.26551476
-77.53,0.26550427
-77.54,0.26549393
-77.55000000000001,0.2654835
-77.56,0.26547313
-77.57000000000001,0.2654628
-77.58000000000001,0.2654524
-77.59,0.26544198
-77.60000000000001,0.2654317
-77.61000000000001,0.26542127
-77.62,0.26541093
-77.63000000000001,0.2654006
-77.64,0.26539025
-77.65,0.2653798
-77.66000000000001,0.26536947
-77.67,0.2653591
-77.68,0.26534873
-77.69000000000001,0.2653384
-77.7,0.26532805
-77.71000000000001,0.26531765
-77.72000000000001,0.2653073
-77.73,0.265297
-77.74000000000001,0.2652867
-77.75,0.26527628
-77.76,0.265266
-77.77000000000001,0.26525557
-77.78,0.26524526
-77.79,0.265235
-77.80000000000001,0.26522467
-77.81,0.26521426
-77.82000000000001,0.265204
-77.83000000000001,0.2651936
-77.84,0.26518324
-77.85000000000001,0.26517293
-77.86000000000001,0.26516262
-77.87,0.26515228
-77.88000000000001,0.26514196
-77.89,0.26513168
-77.9,0.26512134
-77.91000000000001,0.26511097
-77.92,0.26510066
-77.93,0.26509044
-77.94000000000001,0.2650801
-77.95,0.26506984
-77.96000000000001,0.2650594
-77.97000000000001,0.2650492
-77.98,0.26503885
-77.99000000000001,0.26502857
-78.0,0.26501825
-78.01,0.265008
-78.02000000000001,0.26499775
-78.03,0.26498735
-78.04,0.2649771
-78.05000000000001,0.26496685
-78.06,0.26495653
-78.07000000000001,0.26494622
-78.08000000000001,0.26493603
-78.09,0.26492572
-78.10000000000001,0.26491547
-78.11000000000001,0.26490515
-78.12,0.26489484
-78.13000000000001,0.2648846
-78.14,0.26487443
-78.15,0.264864
-78.16000000000001,0.26485366
-78.17,0.26484352
-78.18,0.26483318
-78.19000000000001,0.264823
-78.2,0.26481268
-78.21000000000001,0.2648024
-78.22000000000001,0.2647922
-78.23,0.2647819
-78.24000000000001,0.2647717
-78.25,0.26476133
-78.26,0.26475117
-78.27000000000001,0.2647409
-78.28,0.26473057
-78.29,0.2647204
-78.30000000000001,0.26471025
-78.31,0.26469985
-78.32000000000001,0.26468965
-78.33000000000001,0.26467943
-78.34,0.26466918
-78.35000000000001,0.2646589
-78.36000000000001,0.26464874
-78.37,0.26463848
-78.38000000000001,0.26462826
-78.39,0.264618
-78.4,0.26460785
-78.41000000000001,0.26459762
-78.42,0.26458746
-78.43,0.26457718
-78.44000000000001,0.2645669
-78.45,0.26455674
-78.46000000000001,0.2645465
-78.47000000000001,0.26453626
-78.48,0.26452613
-78.49000000000001,0.26451588
-78.5,0.2645057
-78.51,0.2644955
-78.52000000000001,0.26448527
-78.53,0.26447505
-78.54,0.26446486
-78.55000000000001,0.2644547
-78.56,0.2644444
-78.57000000000001,0.2644342
-78.58000000000001,0.26442406
-78.59,0.26441383
-78.60000000000001,0.26440364
-78.61000000000001,0.26439348
-78.62,0.2643833
-78.63000000000001,0.26437312
-78.64,0.26436293
-78.65,0.26435274
-78.66000000000001,0.26434255
-78.67,0.2643324
-78.68,0.26432213
-78.69000000000001,0.264312
-78.7,0.26430187
-78.71000000000001,0.26429176
-78.72000000000001,0.26428154
-78.73,0.26427135
-78.74000000000001,0.26426122
-78.75,0.26425105
-78.76,0.26424083
-78.77000000000001,0.2642307
-78.78,0.26422063
-78.79,0.26421046
-78.80000000000001,0.2642003
-78.81,0.26419002
-78.82000000000001,0.2641799
-78.83000000000001,0.26416972
-78.84,0.26415962
-78.85000000000001,0.26414943
-78.86000000000001,0.26413932
-78.87,0.26412913
-78.88000000000001,0.2641191
-78.89,0.26410887
-78.9,0.2640987
-78.91000000000001,0.26408866
-78.92,0.26407856
-78.93,0.26406834
-78.94000000000001,0.2640583
-78.95,0.26404816
-78.96000000000001,0.26403794
-78.97000000000001,0.2640279
-78.98,0.26401773
-78.99000000000001,0.2640076
-79.0,0.26399755
-79.01,0.26398736
-79.02000000000001,0.26397723
-79.03,0.2639671
-79.04,0.263957
-79.05000000000001,0.26394695
-79.06,0.26393682
-79.07000000000001,0.26392663
-79.08000000000001,0.26391655
-79.09,0.26390645
-79.10000000000001,0.26389638
-79.11000000000001,0.26388624
-79.12,0.26387617
-79.13000000000001,0.26386607
-79.14,0.263856
-79.15,0.2638459
-79.16000000000001,0.26383576
-79.17,0.26382574
-79.18,0.26381564
-79.19000000000001,0.26380557
-79.2,0.26379544
-79.21000000000001,0.2637853
-79.22000000000001,0.26377532
-79.23,0.2637652
-79.24000000000001,0.26375508
-79.25,0.263745
-79.26,0.26373494
-79.27000000000001,0.26372486
-79.28,0.2637148
-79.29,0.26370475
-79.30000000000001,0.26369476
-79.31,0.2636846
-79.32000000000001,0.2636746
-79.33000000000001,0.26366454
-79.34,0.26365447
-79.35000000000001,0.2636444
-79.36000000000001,0.26363432
-79.37,0.26362428
-79.38000000000001,0.26361415
-79.39,0.26360422
-79.4,0.26359412
-79.41000000000001,0.26358402
-79.42,0.263574
-79.43,0.26356396
-79.44000000000001,0.26355395
-79.45,0.26354396
-79.46000000000001,0.26353383
-79.47000000000001,0.26352382
-79.48,0.26351374
-79.49000000000001,0.2635037
-79.5,0.2634937
-79.51,0.2634837
-79.52000000000001,0.26347366
-79.53,0.2634636
-79.54,0.26345354
-79.55000000000001,0.2634436
-79.56,0.26343355
-79.57000000000001,0.26342353
-79.58000000000001,0.26341352
-79.59,0.26340348
-79.60000000000001,0.26339346
-79.61000000000001,0.26338345
-79.62,0.2633735
-79.63000000000001,0.26336342
-79.64,0.26335344
-79.65,0.26334336
-79.66000000000001,0.2633334
-79.67,0.2633234
-79.68,0.2633134
-79.69000000000001,0.26330337
-79.7,0.26329342
-79.71000000000001,0.26328346
-79.72000000000001,0.2632734
-79.73,0.26326337
-79.74000000000001,0.26325348
-79.75,0.26324344
-79.76,0.26323345
-79.77000000000001,0.26322353
-79.78,0.26321352
-79.79,0.26320353
-79.80000000000001,0.26319355
-79.81,0.26318353
-79.82000000000001,0.26317358
-79.83000000000001,0.2631636
-79.84,0.26315364
-79.85000000000001,0.26314363
-79.86000000000001,0.26313365
-79.87,0.26312372
-79.88000000000001,0.2631137
-79.89,0.26310378
-79.9,0.2630938
-79.91000000000001,0.2630838
-79.92,0.26307383
-79.93,0.2630639
-79.94000000000001,0.26305398
-79.95,0.263044
-79.96000000000001,0.26303405
-79.97000000000001,0.26302412
-79.98,0.26301417
-79.99000000000001,0.26300418
-80.0,0.26299423
-80.01,0.26298425
-80.02000000000001,0.2629744
-80.03,0.26296437
-80.04,0.2629545
-80.05000000000001,0.2629445
-80.06,0.26293463
-80.07000000000001,0.26292464
-80.08000000000001,0.26291472
-80.09,0.26290482
-80.10000000000001,0.26289484
-80.11000000000001,0.2628849
-80.12,0.26287502
-80.13000000000001,0.26286507
-80.14,0.26285508
-80.15,0.26284525
-80.16000000000001,0.2628353
-80.17,0.2628253
-80.18,0.2628155
-80.19000000000001,0.26280564
-80.2,0.2627957
-80.21000000000001,0.2627857
-80.22000000000001,0.2627759
-80.23,0.26276588
-80.24000000000001,0.26275596
-80.25,0.26274613
-80.26,0.2627363
-80.27000000000001,0.26272634
-80.28,0.26271638
-80.29,0.2627065
-80.30000000000001,0.26269656
-80.31,0.26268667
-80.32000000000001,0.2626769
-80.33000000000001,0.26266694
-80.34,0.26265702
-80.35000000000001,0.26264718
-80.36000000000001,0.2626372
-80.37,0.26262736
-80.38000000000001,0.2626175
-80.39,0.26260763
-80.4,0.26259774
-80.41000000000001,0.26258785
-80.42,0.2625779
-80.43,0.2625681
-80.44000000000001,0.26255825
-80.45,0.2625485
-80.46000000000001,0.26253858
-80.47000000000001,0.26252866
-80.48,0.26251873
-80.49000000000001,0.26250893
-80.5,0.26249906
-80.51,0.26248917
-80.52000000000001,0.26247934
-80.53,0.26246953
-80.54,0.26245964
-80.55000000000001,0.26244974
-80.56,0.26243997
-80.57000000000001,0.26243007
-80.58000000000001,0.2624203
-80.59,0.2624104
-80.60000000000001,0.2624005
-80.61000000000001,0.2623907
-80.62,0.26238087
-80.63000000000001,0.26237106
-80.64,0.26236123
-80.65,0.26235136
-80.66000000000001,0.26234153
-80.67,0.26233175
-80.68,0.2623219
-80.69000000000001,0.26231202
-80.7,0.2623023
-80.71000000000001,0.2622924
-80.72000000000001,0.26228252
-80.73,0.26227275
-80.74000000000001,0.26226285
-80.75,0.26225308
-80.76,0.26224327
-80.77000000000001,0.2622335
-80.78,0.26222363
-80.79,0.26221386
-80.80000000000001,0.26220408
-80.81,0.26219425
-80.82000000000001,0.26218438
-80.83000000000001,0.2621746
-80.84,0.26216477
-80.85000000000001,0.2621549
-80.86000000000001,0.2621452
-80.87,0.26213542
-80.88000000000001,0.26212555
-80.89,0.26211578
-80.9,0.26210597
-80.91000000000001,0.2620962
-80.92,0.26208642
-80.93,0.26207656
-80.94000000000001,0.2620668
-80.95,0.2620571
-80.96000000000001,0.2620473
-80.97000000000001,0.26203752
-80.98,0.26202765
-80.99000000000001,0.2620179
-81.0,0.26200816
-81.01,0.26199836
-81.02000000000001,0.2619886
-81.03,0.26197886
-81.04,0.261969
-81.05000000000001,0.26195934
-81.06,0.26194948
-81.07000000000001,0.26193976
-81.08000000000001,0.26193002
-81.09,0.26192024
-81.10000000000001,0.26191044
-81.11000000000001,0.2619007
-81.12,0.26189092
-81.13000000000001,0.26188117
-81.14,0.2618714
-81.15,0.26186162
-81.16000000000001,0.26185197
-81.17,0.26184213
-81.18,0.2618324
-81.19000000000001,0.26182276
-81.2,0.26181293
-81.21000000000001,0.26180318
-81.22000000000001,0.26179352
-81.23,0.26178372
-81.24000000000001,0.26177403
-81.25,0.26176426
-81.26,0.26175454
-81.27000000000001,0.2617447
-81.28,0.26173505
-81.29,0.2617253
-81.30000000000001,0.26171565
-81.31,0.26170582
-81.32000000000001,0.26169613
-81.33000000000001,0.26168635
-81.34,0.26167673
-81.35000000000001,0.261667
-81.36000000000001,0.26165727
-81.37,0.26164755
-81.38000000000001,0.26163784
-81.39,0.26162812
-81.4,0.26161838
-81.41000000000001,0.26160866
-81.42,0.26159897
-81.43,0.26158935
-81.44000000000001,0.26157954
-81.45,0.26156986
-81.46000000000001,0.2615602
-81.47000000000001,0.26155046
-81.48,0.2615408
-81.49000000000001,0.2615311
-81.5,0.26152143
-81.51,0.26151174
-81.52000000000001,0.26150203
-81.53,0.26149234
-81.54,0.26148272
-81.55000000000001,0.2614729
-81.56,0.2614632
-81.57000000000001,0.2614536
-81.58000000000001,0.26144382
-81.59,0.2614342
-81.60000000000001,0.26142454
-81.61000000000001,0.26141495
-81.62,0.26140517
-81.63000000000001,0.2613955
-81.64,0.2613858
-81.65,0.26137614
-81.66000000000001,0.26136655
-81.67,0.26135692
-81.68,0.26134714
-81.69000000000001,0.26133752
-81.7,0.26132786
-81.71000000000001,0.2613182
-81.72000000000001,0.2613085
-81.73,0.2612989
-81.74000000000001,0.26128924
-81.75,0.26127958
-81.76,0.26126993
-81.77000000000001,0.2612602
-81.78,0.26125062
-81.79,0.26124102
-81.80000000000001,0.26123136
-81.81,0.26122177
-81.82000000000001,0.26121205
-81.83000000000001,0.26120248
-81.84,0.2611928
-81.85000000000001,0.2611831
-81.86000000000001,0.26117352
-81.87,0.26116395
-81.88000000000001,0.26115426
-81.89,0.26114458
-81.9,0.26113495
-81.91000000000001,0.26112533
-81.92,0.2611158
-81.93,0.2611061
-81.94000000000001,0.26109657
-81.95,0.26108682
-81.96000000000001,0.26107728
-81.97000000000001,0.26106766
-81.98,0.261058
-81.99000000000001,0.26104847
-82.0,0.26103887
-82.01,0.26102918
-82.02000000000001,0.26101962
-82.03,0.26101
-82.04,0.26100037
-82.05000000000001,0.26099074
-82.06,0.2609811
-82.07000000000001,0.2609715
-82.08000000000001,0.26096198
-82.09,0.2609524
-82.10000000000001,0.26094276
-82.11000000000001,0.2609332
-82.12,0.2609236
-82.13000000000001,0.26091403
-82.14,0.26090437
-82.15,0.26089475
-82.16000000000001,0.2608852
-82.17,0.2608756
-82.18,0.26086602
-82.19000000000001,0.2608565
-82.2,0.2608469
-82.21000000000001,0.26083738
-82.22000000000001,0.26082778
-82.23,0.26081815
-82.24000000000001,0.26080865
-82.25,0.26079902
-82.26,0.26078945
-82.27000000000001,0.26077986
-82.28,0.26077035
-82.29,0.26076075
-82.30000000000001,0.2607512
-82.31,0.26074165
-82.32000000000001,0.26073208
-82.33000000000001,0.26072258
-82.34,0.26071292
-82.35000000000001,0.26070347
-82.36000000000001,0.26069388
-82.37,0.26068425
-82.38000000000001,0.26067483
-82.39,0.26066524
-82.4,0.26065573
-82.41000000000001,0.26064613
-82.42,0.2606366
-82.43,0.26062703
-82.44000000000001,0.26061752
-82.45,0.26060802
-82.46000000000001,0.26059845
-82.47000000000001,0.26058894
-82.48,0.2605794
-82.49000000000001,0.26056978
-82.5,0.26056024
-82.51,0.26055077
-82.52000000000001,0.2605413
-82.53,0.26053178
-82.54,0.2605222
-82.55000000000001,0.26051265
-82.56,0.2605031
-82.57000000000001,0.26049367
-82.58000000000001,0.26048425
-82.59,0.2604746
-82.60000000000001,0.2604651
-82.61000000000001,0.26045558
-82.62,0.260446
-82.63000000000001,0.2604365
-82.64,0.260427
-82.65,0.26041752
-82.66000000000001,0.26040807
-82.67,0.2603985
-82.68,0.26038903
-82.69000000000001,0.2603795
-82.7,0.2603701
-82.71000000000001,0.26036054
-82.72000000000001,0.26035097
-82.73,0.26034155
-82.74000000000001,0.260332
-82.75,0.2603225
-82.76,0.26031306
-82.77000000000001,0.2603035
-82.78,0.26029402
-82.79,0.2602846
-82.80000000000001,0.26027513
-82.81,0.26026562
-82.82000000000001,0.2602562
-82.83000000000001,0.26024666
-82.84,0.26023716
-82.85000000000001,0.26022774
-82.86000000000001,0.26021832
-82.87,0.26020876
-82.88000000000001,0.26019934
-82.89,0.2601898
-82.9,0.26018035
-82.91000000000001,0.26017094
-82.92,0.26016152
-82.93,0.26015198
-82.94000000000001,0.26014253
-82.95,0.26013306
-82.96000000000001,0.26012358
-82.97000000000001,0.26011416
-82.98,0.26010475
-82.99000000000001,0.26009533
-83.0,0.26008582
-83.01,0.2600764
-83.02000000000001,0.26006684
-83.03,0.26005745
-83.04,0.26004806
-83.05000000000001,0.26003858
-83.06,0.26002923
-83.07000000000001,0.26001975
-83.08000000000001,0.26001018
-83.09,0.26000082
-83.10000000000001,0.2599914
-83.11000000000001,0.25998196
-83.12,0.25997257
-83.13000000000001,0.25996312
-83.14,0.25995365
-83.15,0.25994426
-83.16000000000001,0.25993484
-83.17,0.25992545
-83.18,0.25991595
-83.19000000000001,0.2599066
-83.2,0.2598971
-83.21000000000001,0.25988775
-83.22000000000001,0.25987828
-83.23,0.25986895
-83.24000000000001,0.25985947
-83.25,0.25985005
-83.26,0.2598407
-83.27000000000001,0.2598312
-83.28,0.25982177
-83.29,0.25981244
-83.30000000000001,0.2598031
-83.31,0.2597937
-83.32000000000001,0.25978422
-83.33000000000001,0.2597748
-83.34,0.25976548
-83.35000000000001,0.259756
-83.36000000000001,0.2597466
-83.37,0.25973734
-83.38000000000001,0.25972787
-83.39,0.2597185
-83.4,0.25970912
-83.41000000000001,0.25969964
-83.42,0.25969025
-83.43,0.25968096
-83.44000000000001,0.25967154
-83.45,0.25966218
-83.46000000000001,0.2596528
-83.47000000000001,0.25964344
-83.48,0.259634
-83.49000000000001,0.2596246
-83.5,0.2596153
-83.51,0.2596059
-83.52000000000001,0.25959665
-83.53,0.2595872
-83.54,0.25957778
-83.55000000000001,0.25956842
-83.56,0.2595591
-83.57000000000001,0.25954977
-83.58000000000001,0.2595404
-83.59,0.25953108
-83.60000000000001,0.2595217
-83.61000000000001,0.25951236
-83.62,0.25950298
-83.63000000000001,0.25949365
-83.64,0.25948432
-83.65,0.25947496
-83.66000000000001,0.25946563
-83.67,0.25945628
-83.68,0.25944686
-83.69000000000001,0.25943753
-83.7,0.25942814
-83.71000000000001,0.25941887
-83.72000000000001,0.25940955
-83.73,0.25940016
-83.74000000000001,0.25939086
-83.75,0.25938138
-83.76,0.25937217
-83.77000000000001,0.25936282
-83.78,0.25935346
-83.79,0.25934422
-83.80000000000001,0.25933486
-83.81,0.25932553
-83.82000000000001,0.2593162
-83.83000000000001,0.25930688
-83.84,0.25929755
-83.85000000000001,0.25928825
-83.86000000000001,0.25927892
-83.87,0.25926968
-83.88000000000001,0.2592603
-83.89,0.25925106
-83.9,0.25924176
-83.91000000000001,0.25923243
-83.92,0.25922316
-83.93,0.2592138
-83.94000000000001,0.25920445
-83.95,0.2591952
-83.96000000000001,0.2591859
-83.97000000000001,0.2591765
-83.98,0.2591674
-83.99000000000001,0.25915802
-84.0,0.25914878
-84.01,0.2591393
-84.02000000000001,0.25913015
-84.03,0.25912085
-84.04,0.25911152
-84.05000000000001,0.25910223
-84.06,0.25909293
-84.07000000000001,0.2590837
-84.08000000000001,0.2590744
-84.09,0.25906515
-84.10000000000001,0.2590559
-84.11000000000001,0.2590466
-84.12,0.25903735
-84.13000000000001,0.25902808
-84.14,0.25901866
-84.15,0.25900948
-84.16000000000001,0.2590002
-84.17,0.25899097
-84.18,0.2589817
-84.19000000000001,0.2589725
-84.2,0.2589632
-84.21000000000001,0.25895387
-84.22000000000001,0.2589446
-84.23,0.25893536
-84.24000000000001,0.2589262
-84.25,0.2589169
-84.26,0.25890762
-84.27000000000001,0.25889835
-84.28,0.25888914
-84.29,0.2588799
-84.30000000000001,0.25887063
-84.31,0.25886148
-84.32000000000001,0.25885212
-84.33000000000001,0.25884295
-84.34,0.25883365
-84.35000000000001,0.25882447
-84.36000000000001,0.25881523
-84.37,0.25880596
-84.38000000000001,0.25879684
-84.39,0.25878742
-84.4,0.2587783
-84.41000000000001,0.258769
-84.42,0.25875977
-84.43,0.25875062
-84.44000000000001,0.25874135
-84.45,0.25873223
-84.46000000000001,0.25872296
-84.47000000000001,0.25871375
-84.48,0.25870445
-84.49000000000001,0.25869533
-84.5,0.258686
-84.51,0.25867686
-84.52000000000001,0.2586676
-84.53,0.25865838
-84.54,0.25864917
-84.55000000000001,0.25864
-84.56,0.25863072
-84.57000000000001,0.2586216
-84.58000000000001,0.2586124
-84.59,0.2586032
-84.60000000000001,0.25859398
-84.61000000000001,0.2585847
-84.62,0.2585756
-84.63000000000001,0.25856638
-84.64,0.2585571
-84.65,0.25854796
-84.66000000000001,0.25853884
-84.67,0.25852966
-84.68,0.25852036
-84.69000000000001,0.25851122
-84.7,0.2585021
-84.71000000000001,0.25849295
-84.72000000000001,0.25848368
-84.73,0.2584745
-84.74000000000001,0.25846535
-84.75,0.2584562
-84.76,0.258447
-84.77000000000001,0.2584378
-84.78,0.2584286
-84.79,0.25841942
-84.80000000000001,0.2584103
-84.81,0.25840107
-84.82000000000001,0.25839198
-84.83000000000001,0.2583828
-84.84,0.25837362
-84.85000000000001,0.25836447
-84.86000000000001,0.25835532
-84.87,0.25834614
-84.88000000000001,0.25833696
-84.89,0.2583278
-84.9,0.25831866
-84.91000000000001,0.2583095
-84.92,0.25830045
-84.93,0.25829127
-84.94000000000001,0.2582821
-84.95,0.25827283
-84.96000000000001,0.25826368
-84.97000000000001,0.25825462
-84.98,0.25824556
-84.99000000000001,0.25823638
-85.0,0.25822723
-85.01,0.25821805
-85.02000000000001,0.25820896
-85.03,0.25819978
-85.04,0.25819063
-85.05000000000001,0.25818154
-85.06,0.2581724
-85.07000000000001,0.25816327
-85.08000000000001,0.25815415
-85.09,0.25814494
-85.10000000000001,0.2581359
-85.11000000000001,0.2581268
-85.12,0.25811768
-85.13000000000001,0.2581085
-85.14,0.25809947
-85.15,0.25809035
-85.16000000000001,0.2580811
-85.17,0.2580721
-85.18,0.25806296
-85.19000000000001,0.25805384
-85.2,0.25804478
-85.21000000000001,0.25803566
-85.22000000000001,0.25802648
-85.23,0.25801745
-85.24000000000001,0.2580084
-85.25,0.25799924
-85.26,0.25799018
-85.27000000000001,0.25798106
-85.28,0.25797197
-85.29,0.25796285
-85.30000000000001,0.2579537
-85.31,0.2579447
-85.32000000000001,0.25793567
-85.33000000000001,0.2579265
-85.34,0.25791746
-85.35000000000001,0.25790823
-85.36000000000001,0.25789922
-85.37,0.25789014
-85.38000000000001,0.25788105
-85.39,0.257872
-85.4,0.25786287
-85.41000000000001,0.2578538
-85.42,0.2578447
-85.43,0.2578357
-85.44000000000001,0.25782648
-85.45,0.2578175
-85.46000000000001,0.25780833
-85.47000000000001,0.25779945
-85.48,0.25779033
-85.49000000000001,0.25778124
-85.5,0.2577722
-85.51,0.2577631
-85.52000000000001,0.25775406
-85.53,0.2577449
-85.54,0.25773594
-85.55000000000001,0.25772688
-85.56,0.25771782
-85.57000000000001,0.25770873
-85.58000000000001,0.25769973
-85.59,0.25769073
-85.60000000000001,0.25768167
-85.61000000000001,0.2576726
-85.62,0.25766355
-85.63000000000001,0.25765446
-85.64,0.25764546
-85.65,0.25763643
-85.66000000000001,0.25762734
-85.67,0.25761837
-85.68,0.25760934
-85.69000000000001,0.2576003
-85.7,0.2575912
-85.71000000000001,0.2575822
-85.72000000000001,0.25757316
-85.73,0.25756416
-85.74000000000001,0.2575551
-85.75,0.25754616
-85.76,0.257537
-85.77000000000001,0.25752795
-85.78,0.25751892
-85.79,0.25750995
-85.80000000000001,0.25750095
-85.81,0.25749195
-85.82000000000001,0.25748295
-85.83000000000001,0.2574739
-85.84,0.25746483
-85.85000000000001,0.25745586
-85.86000000000001,0.25744686
-85.87,0.25743788
-85.88000000000001,0.25742888
-85.89,0.25741994
-85.9,0.25741085
-85.91000000000001,0.25740185
-85.92,0.25739285
-85.93,0.25738382
-85.94000000000001,0.25737482
-85.95,0.25736594
-85.96000000000001,0.25735685
-85.97000000000001,0.25734788
-85.98,0.2573389
-85.99000000000001,0.25732994
-86.0,0.25732094
-86.01,0.25731197
-86.02000000000001,0.25730306
-86.03,0.257294
-86.04,0.25728494
-86.05000000000001,0.257276
-86.06,0.25726706
-86.07000000000001,0.25725794
-86.08000000000001,0.25724906
-86.09,0.25724012
-86.10000000000001,0.2572311
-86.11000000000001,0.25722212
-86.12,0.25721315
-86.13000000000001,0.25720412
-86.14,0.25719523
-86.15,0.25718626
-86.16000000000001,0.25717723
-86.17,0.25716823
-86.18,0.25715938
-86.19000000000001,0.2571504
-86.2,0.25714138
-86.21000000000001,0.25713244
-86.22000000000001,0.2571236
-86.23,0.25711462
-86.24000000000001,0.25710556
-86.25,0.25709668
-86.26,0.2570877
-86.27000000000001,0.25707865
-86.28,0.2570699
-86.29,0.2570609
-86.30000000000001,0.25705194
-86.31,0.25704294
-86.32000000000001,0.25703397
-86.33000000000001,0.25702518
-86.34,0.25701615
-86.35000000000001,0.25700724
-86.36000000000001,0.2569984
-86.37,0.25698927
-86.38000000000001,0.25698042
-86.39,0.2569715
-86.4,0.25696257
-86.41000000000001,0.25695363
-86.42,0.25694472
-86.43,0.25693586
-86.44000000000001,0.2569268
-86.45,0.25691792
-86.46000000000001,0.25690895
-86.47000000000001,0.25690016
-86.48,0.2568912
-86.49000000000001,0.25688228
-86.5,0.25687328
-86.51,0.25686437
-86.52000000000001,0.2568554
-86.53,0.25684655
-86.54,0.25683773
-86.55000000000001,0.25682884
-86.56,0.2568199
-86.57000000000001,0.25681102
-86.58000000000001,0.25680202
-86.59,0.25679317
-86.60000000000001,0.25678426
-86.61000000000001,0.25677532
-86.62,0.2567665
-86.63000000000001,0.25675765
-86.64,0.2567487
-86.65,0.2567398
-86.66000000000001,0.25673094
-86.67,0.25672206
-86.68,0.25671315
-86.69000000000001,0.2567042
-86.7,0.2566953
-86.71000000000001,0.2566864
-86.72000000000001,0.2566776
-86.73,0.25666863
-86.74000000000001,0.25665978
-86.75,0.25665087
-86.76,0.25664204
-86.77000000000001,0.2566331
-86.78,0.2566243
-86.79,0.25661546
-86.80000000000001,0.25660646
-86.81,0.25659773
-86.82000000000001,0.25658882
-86.83000000000001,0.25658002
-86.84,0.2565711
-86.85000000000001,0.2565622
-86.86000000000001,0.25655332
-86.87,0.2565445
-86.88000000000001,0.2565356
-86.89,0.25652677
-86.9,0.2565179
-86.91000000000001,0.25650907
-86.92,0.2565003
-86.93,0.25649127
-86.94000000000001,0.2564825
-86.95,0.2564737
-86.96000000000001,0.25646484
-86.97000000000001,0.256456
-86.98,0.25644705
-86.99000000000001,0.25643826
-87.0,0.25642943
-87.01,0.25642064
-87.02000000000001,0.25641173
-87.03,0.25640294
-87.04,0.2563941
-87.05000000000001,0.25638536
-87.06,0.25637648
-87.07000000000001,0.25636756
-87.08000000000001,0.25635877
-87.09,0.25634998
-87.10000000000001,0.2563411
-87.11000000000001,0.25633228
-87.12,0.25632337
-87.13000000000001,0.25631467
-87.14,0.25630572
-87.15,0.25629696
-87.16000000000001,0.25628814
-87.17,0.25627932
-87.18,0.25627038
-87.19000000000001,0.25626177
-87.2,0.25625288
-87.21000000000001,0.25624406
-87.22000000000001,0.25623518
-87.23,0.25622648
-87.24000000000001,0.25621763
-87.25,0.2562089
-87.26,0.2562001
-87.27000000000001,0.2561912
-87.28,0.25618246
-87.29,0.25617367
-87.30000000000001,0.2561649
-87.31,0.25615603
-87.32000000000001,0.2561472
-87.33000000000001,0.2561384
-87.34,0.25612956
-87.35000000000001,0.25612077
-87.36000000000001,0.256112
-87.37,0.25610328
-87.38000000000001,0.25609443
-87.39,0.25608578
-87.4,0.25607693
-87.41000000000001,0.25606814
-87.42,0.25605932
-87.43,0.2560506
-87.44000000000001,0.2560418
-87.45,0.25603306
-87.46000000000001,0.2560244
-87.47000000000001,0.25601545
-87.48,0.25600666
-87.49000000000001,0.25599787
-87.5,0.25598904
-87.51,0.25598037
-87.52000000000001,0.25597158
-87.53,0.2559629
-87.54,0.25595412
-87.55000000000001,0.25594524
-87.56,0.25593653
-87.57000000000001,0.25592777
-87.58000000000001,0.25591898
-87.59,0.25591034
-87.60000000000001,0.2559015
-87.61000000000001,0.25589275
-87.62,0.25588396
-87.63000000000001,0.25587526
-87.64,0.25586647
-87.65,0.25585783
-87.66000000000001,0.2558491
-87.67,0.25584033
-87.68,0.25583157
-87.69000000000001,0.2558228
-87.7,0.25581405
-87.71000000000001,0.25580525
-87.72000000000001,0.2557965
-87.73,0.25578773
-87.74000000000001,0.25577915
-87.75,0.25577042
-87.76,0.2557615
-87.77000000000001,0.25575283
-87.78,0.25574407
-87.79,0.25573537
-87.80000000000001,0.25572664
-87.81,0.255718
-87.82000000000001,0.25570923
-87.83000000000001,0.2557004
-87.84,0.25569177
-87.85000000000001,0.2556831
-87.86000000000001,0.25567427
-87.87,0.25566566
-87.88000000000001,0.25565693
-87.89,0.2556482
-87.9,0.25563952
-87.91000000000001,0.25563082
-87.92,0.25562203
-87.93,0.25561333
-87.94000000000001,0.25560465
-87.95,0.25559604
-87.96000000000001,0.25558728
-87.97000000000001,0.2555786
-87.98,0.25556985
-87.99000000000001,0.2555611
-88.0,0.25555244
-88.01,0.25554377
-88.02000000000001,0.25553513
-88.03,0.25552636
-88.04,0.25551772
-88.05000000000001,0.255509
-88.06,0.2555003
-88.07000000000001,0.25549155
-88.08000000000001,0.25548294
-88.09,0.2554742
-88.10000000000001,0.25546554
-88.11000000000001,0.25545684
-88.12,0.25544816
-88.13000000000001,0.2554395
-88.14,0.2554308
-88.15,0.25542203
-88.16000000000001,0.25541338
-88.17,0.25540486
-88.18,0.25539613
-88.19000000000001,0.25538737
-88.2,0.25537872
-88.21000000000001,0.2553701
-88.22000000000001,0.25536144
-88.23,0.2553527
-88.24000000000001,0.25534406
-88.25,0.2553354
-88.26,0.25532678
-88.27000000000001,0.25531814
-88.28,0.2553095
-88.29,0.25530076
-88.30000000000001,0.25529215
-88.31,0.25528345
-88.32000000000001,0.25527474
-88.33000000000001,0.2552662
-88.34,0.25525746
-88.35000000000001,0.25524887
-88.36000000000001,0.25524014
-88.37,0.25523162
-88.38000000000001,0.25522295
-88.39,0.25521418
-88.4,0.2552056
-88.41000000000001,0.25519702
-88.42,0.25518835
-88.43,0.25517964
-88.44000000000001,0.25517103
-88.45,0.25516248
-88.46000000000001,0.25515375
-88.47000000000001,0.25514516
-88.48,0.25513646
-88.49000000000001,0.25512797
-88.5,0.25511926
-88.51,0.25511062
-88.52000000000001,0.25510204
-88.53,0.2550933
-88.54,0.25508478
-88.55000000000001,0.2550762
-88.56,0.25506747
-88.57000000000001,0.25505888
-88.58000000000001,0.2550503
-88.59,0.25504166
-88.60000000000001,0.25503302
-88.61000000000001,0.2550244
-88.62,0.2550158
-88.63000000000001,0.25500724
-88.64,0.25499862
-88.65,0.25498995
-88.66000000000001,0.25498134
-88.67,0.25497273
-88.68,0.2549641
-88.69000000000001,0.25495556
-88.7,0.25494698
-88.71000000000001,0.25493833
-88.72000000000001,0.25492978
-88.73,0.2549212
-88.74000000000001,0.25491256
-88.75,0.25490394
-88.76,0.2548954
-88.77000000000001,0.25488687
-88.78,0.25487825
-88.79,0.25486964
-88.80000000000001,0.25486115
-88.81,0.25485235
-88.82000000000001,0.25484377
-88.83000000000001,0.25483528
-88.84,0.25482672
-88.85000000000001,0.25481814
-88.86000000000001,0.2548095
-88.87,0.254801
-88.88000000000001,0.25479242
-88.89,0.25478372
-88.9,0.2547752
-88.91000000000001,0.2547666
-88.92,0.2547581
-88.93,0.25474954
-88.94000000000001,0.25474092
-88.95,0.2547324
-88.96000000000001,0.25472382
-88.97000000000001,0.25471523
-88.98,0.25470668
-88.99000000000001,0.25469813
-89.0,0.25468954
-89.01,0.2546811
-89.02000000000001,0.25467244
-89.03,0.2546639
-89.04,0.25465536
-89.05000000000001,0.25464678
-89.06,0.25463817
-89.07000000000001,0.2546297
-89.08000000000001,0.25462115
-89.09,0.25461262
-89.10000000000001,0.254604
-89.11000000000001,0.25459552
-89.12,0.25458694
-89.13000000000001,0.25457844
-89.14,0.2545699
-89.15,0.25456145
-89.16000000000001,0.2545528
-89.17,0.2545443
-89.18,0.25453562
-89.19000000000001,0.2545272
-89.2,0.25451872
-89.21000000000001,0.25451016
-89.22000000000001,0.2545016
-89.23,0.25449318
-89.24000000000001,0.25448456
-89.25,0.25447604
-89.26,0.2544675
-89.27000000000001,0.25445902
-89.28,0.25445047
-89.29,0.25444195
-89.30000000000001,0.2544334
-89.31,0.2544248
-89.32000000000001,0.2544164
-89.33000000000001,0.25440785
-89.34,0.2543994
-89.35000000000001,0.25439093
-89.36000000000001,0.25438234
-89.37,0.25437385
-89.38000000000001,0.25436535
-89.39,0.25435683
-89.4,0.25434837
-89.41000000000001,0.25433972
-89.42,0.25433135
-89.43,0.25432283
-89.44000000000001,0.25431436
-89.45,0.25430584
-89.46000000000001,0.2542973
-89.47000000000001,0.25428885
-89.48,0.2542803
-89.49000000000001,0.2542719
-89.5,0.25426334
-89.51,0.25425494
-89.52000000000001,0.25424647
-89.53,0.2542379
-89.54,0.2542294
-89.55000000000001,0.2542209
-89.56,0.25421238
-89.57000000000001,0.254204
-89.58000000000001,0.25419557
-89.59,0.25418705
-89.60000000000001,0.25417846
-89.61000000000001,0.25416994
-89.62,0.2541616
-89.63000000000001,0.25415307
-89.64,0.25414464
-89.65,0.25413623
-89.66000000000001,0.2541277
-89.67,0.25411928
-89.68,0.25411084
-89.69000000000001,0.2541024
-89.7,0.2540938
-89.71000000000001,0.25408542
-89.72000000000001,0.25407696
-89.73,0.25406843
-89.74000000000001,0.25405988
-89.75,0.25405154
-89.76,0.25404304
-89.77000000000001,0.2540347
-89.78,0.25402623
-89.79,0.25401774
-89.80000000000001,0.25400928
-89.81,0.2540009
-89.82000000000001,0.25399247
-89.83000000000001,0.2539839
-89.84,0.2539755
-89.85000000000001,0.25396708
-89.86000000000001,0.2539587
-89.87,0.2539501
-89.88000000000001,0.2539416
-89.89,0.25393325
-89.9,0.25392473
-89.91000000000001,0.2539164
-89.92,0.25390795
-89.93,0.25389948
-89.94000000000001,0.2538912
-89.95,0.2538827
-89.96000000000001,0.25387424
-89.97000000000001,0.2538658
-89.98,0.25385734
-89.99000000000001,0.25384897
-90.0,0.25384045
-90.01,0.25383213
-90.02000000000001,0.2538237
-90.03,0.2538152
-90.04,0.2538069
-90.05000000000001,0.25379848
-90.06,0.25379008
-90.07000000000001,0.25378168
-90.08000000000001,0.25377318
-90.09,0.25376484
-90.10000000000001,0.25375634
-90.11000000000001,0.253748
-90.12,0.2537396
-90.13000000000001,0.25373122
-90.14,0.2537228
-90.15,0.25371435
-90.16000000000001,0.25370595
-90.17,0.2536976
-90.18,0.25368914
-90.19000000000001,0.25368077
-90.2,0.25367236
-90.21000000000001,0.25366402
-90.22000000000001,0.25365567
-90.23,0.25364724
-90.24000000000001,0.2536387
-90.25,0.2536304
-90.26,0.25362194
-90.27000000000001,0.25361362
-90.28,0.25360522
-90.29,0.25359684
-90.30000000000001,0.2535885
-90.31,0.25358012
-90.32000000000001,0.25357175
-90.33000000000001,0.25356328
-90.34,0.25355497
-90.35000000000001,0.25354657
-90.36000000000001,0.25353822
-90.37,0.2535299
-90.38000000000001,0.25352138
-90.39,0.25351307
-90.4,0.25350463
-90.41000000000001,0.25349632
-90.42,0.25348797
-90.43,0.25347957
-90.44000000000001,0.2534713
-90.45,0.25346294
-90.46000000000001,0.25345454
-90.47000000000001,0.25344613
-90.48,0.25343782
-90.49000000000001,0.2534295
-90.5,0.25342104
-90.51,0.2534128
-90.52000000000001,0.2534044
-90.53,0.253396
-90.54,0.25338766
-90.55000000000001,0.25337934
-90.56,0.253371
-90.57000000000001,0.25336266
-90.58000000000001,0.25335425
-90.59,0.25334594
-90.60000000000001,0.2533376
-90.61000000000001,0.25332928
-90.62,0.25332084
-90.63000000000001,0.25331256
-90.64,0.25330424
-90.65,0.25329593
-90.66000000000001,0.2532876
-90.67,0.2532793
-90.68,0.2532709
-90.69000000000001,0.25326258
-90.7,0.25325423
-90.71000000000001,0.25324592
-90.72000000000001,0.25323763
-90.73,0.2532293
-90.74000000000001,0.25322095
-90.75,0.25321257
-90.76,0.2532042
-90.77000000000001,0.25319597
-90.78,0.25318775
-90.79,0.2531793
-90.80000000000001,0.25317103
-90.81,0.2531627
-90.82000000000001,0.25315437
-90.83000000000001,0.2531461
-90.84,0.25313786
-90.85000000000001,0.25312948
-90.86000000000001,0.25312114
-90.87,0.2531129
-90.88000000000001,0.25310463
-90.89,0.25309625
-90.9,0.25308794
-90.91000000000001,0.25307968
-90.92,0.25307143
-90.93,0.25306305
-90.94000000000001,0.2530547
-90.95,0.2530464
-90.96000000000001,0.25303808
-90.97000000000001,0.2530298
-90.98,0.25302157
-90.99000000000001,0.25301322
-91.0,0.25300497
-91.01,0.2529967
-91.02000000000001,0.25298843
-91.03,0.25298014
-91.04,0.2529718
-91.05000000000001,0.25296354
-91.06,0.2529553
-91.07000000000001,0.25294694
-91.08000000000001,0.2529387
-91.09,0.25293046
-91.10000000000001,0.25292224
-91.11000000000001,0.25291383
-91.12,0.2529056
-91.13000000000001,0.25289735
-91.14,0.25288904
-91.15,0.25288084
-91.16000000000001,0.25287256
-91.17,0.25286433
-91.18,0.25285602
-91.19000000000001,0.2528477
-91.2,0.25283954
-91.21000000000001,0.25283122
-91.22000000000001,0.25282294
-91.23,0.2528148
-91.24000000000001,0.2528064
-91.25,0.25279814
-91.26,0.25278986
-91.27000000000001,0.25278175
-91.28,0.25277337
-91.29,0.25276518
-91.30000000000001,0.2527569
-91.31,0.2527487
-91.32000000000001,0.25274038
-91.33000000000001,0.25273222
-91.34,0.25272396
-91.35000000000001,0.25271568
-91.36000000000001,0.25270748
-91.37,0.25269926
-91.38000000000001,0.25269106
-91.39,0.25268272
-91.4,0.25267452
-91.41000000000001,0.2526663
-91.42,0.25265804
-91.43,0.2526497
-91.44000000000001,0.2526416
-91.45,0.25263336
-91.46000000000001,0.2526251
-91.47000000000001,0.25261688
-91.48,0.25260854
-91.49000000000001,0.2526004
-91.5,0.25259218
-91.51,0.25258395
-91.52000000000001,0.25257576
-91.53,0.25256756
-91.54,0.2525593
-91.55000000000001,0.25255105
-91.56,0.2525429
-91.57000000000001,0.2525347
-91.58000000000001,0.25252652
-91.59,0.25251827
-91.60000000000001,0.25251
-91.61000000000001,0.25250173
-91.62,0.25249362
-91.63000000000001,0.2524854
-91.64,0.2524773
-91.65,0.25246897
-91.66000000000001,0.25246084
-91.67,0.25245258
-91.68,0.25244433
-91.69000000000001,0.25243616
-91.7,0.25242797
-91.71000000000001,0.25241974
-91.72000000000001,0.2524116
-91.73,0.25240344
-91.74000000000001,0.25239527
-91.75,0.2523871
-91.76,0.25237894
-91.77000000000001,0.25237063
-91.78,0.25236246
-91.79,0.25235426
-91.80000000000001,0.2523461
-91.81,0.252338
-91.82000000000001,0.25232974
-91.83000000000001,0.25232157
-91.84,0.2523133
-91.85000000000001,0.25230515
-91.86000000000001,0.25229695
-91.87,0.2522888
-91.88000000000001,0.25228068
-91.89,0.25227252
-91.9,0.25226432
-91.91000000000001,0.25225613
-91.92,0.2522479
-91.93,0.25223982
-91.94000000000001,0.2522317
-91.95,0.25222346
-91.96000000000001,0.25221527
-91.97000000000001,0.25220722
-91.98,0.25219893
-91.99000000000001,0.25219077
-92.0,0.2521826
-92.01,0.25217447
-92.02000000000001,0.25216633
-92.03,0.25215822
-92.04,0.25215003
-92.05000000000001,0.2521418
-92.06,0.25213376
-92.07000000000001,0.25212556
-92.08000000000001,0.25211737
-92.09,0.25210932
-92.10000000000001,0.25210106
-92.11000000000001,0.25209293
-92.12,0.2520848
-92.13000000000001,0.2520767
-92.14,0.25206855
-92.15,0.2520604
-92.16000000000001,0.25205237
-92.17,0.2520441
-92.18,0.25203604
-92.19000000000001,0.2520278
-92.2,0.25201976
-92.21000000000001,0.25201157
-92.22000000000001,0.25200343
-92.23,0.25199538
-92.24000000000001,0.25198725
-92.25,0.25197914
-92.26,0.25197095
-92.27000000000001,0.25196278
-92.28,0.2519547
-92.29,0.2519466
-92.30000000000001,0.25193846
-92.31,0.25193045
-92.32000000000001,0.25192225
-92.33000000000001,0.25191405
-92.34,0.25190598
-92.35000000000001,0.25189784
-92.36000000000001,0.2518897
-92.37,0.2518817
-92.38000000000001,0.25187358
-92.39,0.25186548
-92.4,0.25185737
-92.41000000000001,0.2518493
-92.42,0.25184116
-92.43,0.25183296
-92.44000000000001,0.25182486
-92.45,0.2518168
-92.46000000000001,0.2518087
-92.47000000000001,0.25180063
-92.48,0.25179255
-92.49000000000001,0.2517844
-92.5,0.25177634
-92.51,0.2517682
-92.52000000000001,0.2517601
-92.53,0.25175205
-92.54,0.25174394
-92.55000000000001,0.25173593
-92.56,0.25172773
-92.57000000000001,0.2517196
-92.58000000000001,0.25171146
-92.59,0.25170356
-92.60000000000001,0.25169542
-92.61000000000001,0.25168732
-92.62,0.2516793
-92.63000000000001,0.25167122
-92.64,0.2516631
-92.65,0.251655
-92.66000000000001,0.251647
-92.67,0.25163892
-92.68,0.25163075
-92.69000000000001,0.25162283
-92.7,0.25161472
-92.71000000000001,0.2516066
-92.72000000000001,0.2515985
-92.73,0.25159043
-92.74000000000001,0.2515824
-92.75,0.25157437
-92.76,0.25156635
-92.77000000000001,0.2515583
-92.78,0.25155017
-92.79,0.25154206
-92.80000000000001,0.25153404
-92.81,0.2515259
-92.82000000000001,0.25151792
-92.83000000000001,0.25150996
-92.84,0.25150186
-92.85000000000001,0.25149375
-92.86000000000001,0.2514856
-92.87,0.25147766
-92.88000000000001,0.25146958
-92.89,0.25146154
-92.9,0.25145355
-92.91000000000001,0.25144538
-92.92,0.25143752
-92.93,0.25142944
-92.94000000000001,0.2514213
-92.95,0.25141335
-92.96000000000001,0.2514053
-92.97000000000001,0.25139722
-92.98,0.25138927
-92.99000000000001,0.25138125
-93.0,0.25137314
-93.01,0.25136513
-93.02000000000001,0.2513571
-93.03,0.25134906
-93.04,0.25134102
-93.05000000000001,0.25133294
-93.06,0.251325
-93.07000000000001,0.25131705
-93.08000000000001,0.2513089
-93.09,0.25130087
-93.10000000000001,0.25129288
-93.11000000000001,0.25128493
-93.12,0.25127685
-93.13000000000001,0.2512689
-93.14,0.25126082
-93.15,0.25125292
-93.16000000000001,0.2512447
-93.17,0.25123683
-93.18,0.25122872
-93.19000000000001,0.25122076
-93.2,0.25121278
-93.21000000000001,0.25120473
-93.22000000000001,0.2511968
-93.23,0.25118878
-93.24000000000001,0.25118077
-93.25,0.25117272
-93.26,0.2511648
-93.27000000000001,0.25115678
-93.28,0.25114882
-93.29,0.2511408
-93.30000000000001,0.2511328
-93.31,0.25112477
-93.32000000000001,0.25111678
-93.33000000000001,0.2511089
-93.34,0.2511008
-93.35000000000001,0.25109282
-93.36000000000001,0.25108486
-93.37,0.25107682
-93.38000000000001,0.25106886
-93.39,0.2510608
-93.4,0.25105286
-93.41000000000001,0.25104484
-93.42,0.25103697
-93.43,0.25102895
-93.44000000000001,0.25102103
-93.45,0.251013
-93.46000000000001,0.25100508
-93.47000000000001,0.25099704
-93.48,0.2509891
-93.49000000000001,0.2509811
-93.5,0.2509732
-93.51,0.25096518
-93.52000000000001,0.25095716
-93.53,0.2509493
-93.54,0.2509412
-93.55000000000001,0.2509333
-93.56,0.2509253
-93.57000000000001,0.25091732
-93.58000000000001,0.25090945
-93.59,0.2509015
-93.60000000000001,0.25089347
-93.61000000000001,0.25088555
-93.62,0.25087756
-93.63000000000001,0.25086963
-93.64,0.25086173
-93.65,0.25085366
-93.66000000000001,0.2508457
-93.67,0.25083777
-93.68,0.25082994
-93.69000000000001,0.25082192
-93.7,0.25081393
-93.71000000000001,0.250806
-93.72000000000001,0.25079817
-93.73,0.2507902
-93.74000000000001,0.25078222
-93.75,0.25077426
-93.76,0.2507663
-93.77000000000001,0.2507584
-93.78,0.25075048
-93.79,0.25074258
-93.80000000000001,0.25073475
-93.81,0.25072676
-93.82000000000001,0.25071874
-93.83000000000001,0.25071073
-93.84,0.25070298
-93.85000000000001,0.25069496
-93.86000000000001,0.25068706
-93.87,0.25067908
-93.88000000000001,0.25067133
-93.89,0.25066322
-93.9,0.25065532
-93.91000000000001,0.2506475
-93.92,0.25063953
-93.93,0.2506316
-93.94000000000001,0.2506237
-93.95,0.25061578
-93.96000000000001,0.25060794
-93.97000000000001,0.2506
-93.98,0.25059208
-93.99000000000001,0.25058413
-94.0,0.25057623
-94.01,0.2505684
-94.02000000000001,0.25056046
-94.03,0.25055248
-94.04,0.25054464
-94.05000000000001,0.25053665
-94.06,0.2505288
-94.07000000000001,0.25052086
-94.08000000000001,0.25051305
-94.09,0.2505051
-94.10000000000001,0.25049716
-94.11000000000001,0.2504893
-94.12,0.25048143
-94.13000000000001,0.25047344
-94.14,0.2504657
-94.15,0.2504577
-94.16000000000001,0.25044993
-94.17,0.25044194
-94.18,0.2504341
-94.19000000000001,0.25042614
-94.2,0.25041828
-94.21000000000001,0.25041044
-94.22000000000001,0.25040257
-94.23,0.2503947
-94.24000000000001,0.25038692
-94.25,0.25037888
-94.26,0.250371
-94.27000000000001,0.25036317
-94.28,0.25035533
-94.29,0.25034744
-94.30000000000001,0.25033966
-94.31,0.2503317
-94.32000000000001,0.25032386
-94.33000000000001,0.25031605
-94.34,0.25030813
-94.35000000000001,0.25030023
-94.36000000000001,0.2502924
-94.37,0.25028452
-94.38000000000001,0.25027665
-94.39,0.25026882
-94.4,0.25026095
-94.41000000000001,0.250253
-94.42,0.25024515
-94.43,0.25023738
-94.44000000000001,0.25022957
-94.45,0.25022173
-94.46000000000001,0.2502138
-94.47000000000001,0.25020602
-94.48,0.25019816
-94.49000000000001,0.25019023
-94.5,0.2501824
-94.51,0.25017446
-94.52000000000001,0.25016674
-94.53,0.25015888
-94.54,0.25015107
-94.55000000000001,0.25014314
-94.56,0.25013542
-94.57000000000001,0.25012752
-94.58000000000001,0.2501197
-94.59,0.2501119
-94.60000000000001,0.25010404
-94.61000000000001,0.25009626
-94.62,0.25008836
-94.63000000000001,0.2500806
-94.64,0.25007272
-94.65,0.25006488
-94.66000000000001,0.25005704
-94.67,0.25004917
-94.68,0.25004137
-94.69000000000001,0.25003356
-94.7,0.25002578
-94.71000000000001,0.25001794
-94.72000000000001,0.25001013
-94.73,0.2500023
-94.74000000000001,0.2499944
-94.75,0.24998662
-94.76,0.24997877
-94.77000000000001,0.24997108
-94.78,0.24996327
-94.79,0.2499554
-94.80000000000001,0.24994753
-94.81,0.2499397
-94.82000000000001,0.2499319
-94.83000000000001,0.24992421
-94.84,0.24991632
-94.85000000000001,0.24990858
-94.86000000000001,0.24990076
-94.87,0.24989302
-94.88000000000001,0.24988519
-94.89,0.24987727
-94.9,0.24986957
-94.91000000000001,0.24986175
-94.92,0.24985394
-94.93,0.24984623
-94.94000000000001,0.24983834
-94.95,0.24983053
-94.96000000000001,0.24982274
-94.97000000000001,0.24981493
-94.98,0.24980724
-94.99000000000001,0.24979937
-95.0,0.24979162
-95.01,0.24978383
-95.02000000000001,0.24977607
-95.03,0.24976832
-95.04,0.24976051
-95.05000000000001,0.24975276
-95.06,0.24974501
-95.07000000000001,0.24973713
-95.08000000000001,0.24972934
-95.09,0.24972163
-95.10000000000001,0.24971387
-95.11000000000001,0.24970606
-95.12,0.24969819
-95.13000000000001,0.24969047
-95.14,0.24968274
-95.15,0.24967498
-95.16000000000001,0.24966724
-95.17,0.24965936
-95.18,0.24965164
-95.19000000000001,0.24964389
-95.2,0.24963616
-95.21000000000001,0.24962834
-95.22000000000001,0.24962069
-95.23,0.24961296
-95.24000000000001,0.24960507
-95.25,0.2495973
-95.26,0.24958955
-95.27000000000001,0.24958183
-95.28,0.24957408
-95.29,0.24956635
-95.30000000000001,0.24955858
-95.31,0.24955082
-95.32000000000001,0.24954312
-95.33000000000001,0.24953535
-95.34,0.24952762
-95.35000000000001,0.2495199
-95.36000000000001,0.2495121
-95.37,0.24950439
-95.38000000000001,0.24949664
-95.39,0.24948883
-95.4,0.24948111
-95.41000000000001,0.24947336
-95.42,0.24946573
-95.43,0.24945793
-95.44000000000001,0.24945022
-95.45,0.24944252
-95.46000000000001,0.24943471
-95.47000000000001,0.24942692
-95.48,0.2494192
-95.49000000000001,0.24941163
-95.5,0.24940385
-95.51,0.24939612
-95.52000000000001,0.2493884
-95.53,0.24938068
-95.54,0.24937296
-95.55000000000001,0.24936523
-95.56,0.2493576
-95.57000000000001,0.24934971
-95.58000000000001,0.24934201
-95.59,0.24933434
-95.60000000000001,0.24932666
-95.61000000000001,0.24931899
-95.62,0.24931113
-95.63000000000001,0.24930356
-95.64,0.24929583
-95.65,0.24928808
-95.66000000000001,0.24928045
-95.67,0.24927261
-95.68,0.24926502
-95.69000000000001,0.24925731
-95.7,0.2492495
-95.71000000000001,0.24924183
-95.72000000000001,0.24923411
-95.73,0.24922635
-95.74000000000001,0.24921872
-95.75000000000001,0.24921101
-95.76,0.24920341
-95.77000000000001,0.24919571
-95.78,0.24918798
-95.79,0.2491803
-95.80000000000001,0.24917257
-95.81,0.24916492
-95.82000000000001,0.24915722
-95.83000000000001,0.24914956
-95.84,0.24914177
-95.85000000000001,0.2491342
-95.86000000000001,0.24912652
-95.87,0.24911882
-95.88000000000001,0.24911109
-95.89,0.24910344
-95.9,0.24909572
-95.91000000000001,0.24908805
-95.92,0.24908037
-95.93,0.2490727
-95.94000000000001,0.24906506
-95.95,0.24905737
-95.96000000000001,0.24904968
-95.97000000000001,0.24904206
-95.98,0.24903443
-95.99000000000001,0.2490267
-96.00000000000001,0.24901907
-96.01,0.24901131
-96.02000000000001,0.24900371
-96.03,0.24899597
-96.04,0.24898838
-96.05000000000001,0.24898078
-96.06,0.24897301
-96.07000000000001,0.24896555
-96.08000000000001,0.24895775
-96.09,0.24895005
-96.10000000000001,0.24894248
-96.11000000000001,0.2489347
-96.12,0.24892707
-96.13000000000001,0.24891952
-96.14,0.24891183
-96.15,0.24890417
-96.16000000000001,0.24889655
-96.17,0.24888888
-96.18,0.24888124
-96.19000000000001,0.24887347
-96.2,0.24886592
-96.21000000000001,0.24885832
-96.22000000000001,0.24885067
-96.23,0.24884301
-96.24000000000001,0.24883543
-96.25000000000001,0.24882777
-96.26,0.24882004
-96.27000000000001,0.2488124
-96.28,0.24880476
-96.29,0.24879718
-96.30000000000001,0.24878956
-96.31,0.24878189
-96.32000000000001,0.24877441
-96.33000000000001,0.24876665
-96.34,0.24875903
-96.35000000000001,0.24875145
-96.36000000000001,0.24874383
-96.37,0.24873622
-96.38000000000001,0.24872856
-96.39,0.24872096
-96.4,0.24871334
-96.41000000000001,0.24870561
-96.42,0.24869812
-96.43,0.24869052
-96.44000000000001,0.24868287
-96.45,0.24867523
-96.46000000000001,0.24866757
-96.47000000000001,0.24866007
-96.48,0.24865235
-96.49000000000001,0.24864477
-96.50000000000001,0.24863717
-96.51,0.24862958
-96.52000000000001,0.24862191
-96.53,0.24861436
-96.54,0.24860671
-96.55000000000001,0.24859911
-96.56,0.24859163
-96.57000000000001,0.24858394
-96.58000000000001,0.24857633
-96.59,0.24856886
-96.60000000000001,0.24856111
-96.61000000000001,0.24855357
-96.62,0.24854596
-96.63000000000001,0.2485383
-96.64,0.24853066
-96.65,0.24852312
-96.66000000000001,0.24851558
-96.67,0.24850799
-96.68,0.24850042
-96.69000000000001,0.24849278
-96.7,0.2484852
-96.71000000000001,0.24847768
-96.72000000000001,0.24847004
-96.73,0.24846251
-96.74000000000001,0.24845499
-96.75000000000001,0.24844736
-96.76,0.24843974
-96.77000000000001,0.24843213
-96.78,0.2484246
-96.79,0.24841702
-96.80000000000001,0.2484094
-96.81,0.24840194
-96.82000000000001,0.24839428
-96.83000000000001,0.2483867
-96.84,0.24837916
-96.85000000000001,0.24837162
-96.86000000000001,0.24836406
-96.87,0.24835639
-96.88000000000001,0.24834889
-96.89,0.2483413
-96.9,0.24833383
-96.91000000000001,0.24832617
-96.92,0.24831857
-96.93,0.24831118
-96.94000000000001,0.24830347
-96.95,0.24829598
-96.96000000000001,0.24828835
-96.97000000000001,0.24828085
-96.98,0.2482733
-96.99000000000001,0.24826576
-97.00000000000001,0.24825817
-97.01,0.24825066
-97.02000000000001,0.24824315
-97.03,0.24823551
-97.04,0.24822803
-97.05000000000001,0.24822052
-97.06,0.24821293
-97.07000000000001,0.24820538
-97.08000000000001,0.2481978
-97.09,0.24819024
-97.10000000000001,0.2481827
-97.11000000000001,0.24817517
-97.12,0.24816757
-97.13000000000001,0.24816008
-97.14,0.2481526
-97.15,0.24814501
-97.16000000000001,0.24813744
-97.17,0.24813
-97.18,0.2481224
-97.19000000000001,0.24811488
-97.2,0.24810727
-97.21000000000001,0.24809985
-97.22000000000001,0.24809241
-97.23,0.2480849
-97.24000000000001,0.24807735
-97.25000000000001,0.24806991
-97.26,0.2480623
-97.27000000000001,0.2480547
-97.28,0.24804723
-97.29,0.2480397
-97.30000000000001,0.24803218
-97.31,0.24802464
-97.32000000000001,0.24801715
-97.33000000000001,0.24800971
-97.34,0.24800222
-97.35000000000001,0.24799459
-97.36000000000001,0.24798717
-97.37,0.24797966
-97.38000000000001,0.24797207
-97.39,0.24796465
-97.4,0.24795707
-97.41000000000001,0.24794964
-97.42,0.2479421
-97.43,0.24793461
-97.44000000000001,0.24792702
-97.45,0.24791966
-97.46000000000001,0.24791205
-97.47000000000001,0.24790463
-97.48,0.24789706
-97.49000000000001,0.24788965
-97.50000000000001,0.24788208
-97.51,0.24787456
-97.52000000000001,0.24786706
-97.53,0.2478596
-97.54,0.24785215
-97.55000000000001,0.24784458
-97.56,0.2478372
-97.57000000000001,0.24782963
-97.58000000000001,0.2478222
-97.59,0.24781474
-97.60000000000001,0.2478072
-97.61000000000001,0.24779977
-97.62,0.24779227
-97.63000000000001,0.24778473
-97.64,0.2477773
-97.65,0.24776976
-97.66000000000001,0.24776225
-97.67,0.2477548
-97.68,0.24774732
-97.69000000000001,0.24773984
-97.7,0.24773245
-97.71000000000001,0.24772494
-97.72000000000001,0.24771754
-97.73,0.24770994
-97.74000000000001,0.24770264
-97.75000000000001,0.24769516
-97.76,0.24768767
-97.77000000000001,0.24768016
-97.78,0.24767269
-97.79,0.24766524
-97.80000000000001,0.24765788
-97.81,0.24765028
-97.82000000000001,0.24764283
-97.83000000000001,0.24763538
-97.84,0.24762793
-97.85000000000001,0.24762057
-97.86000000000001,0.24761312
-97.87,0.2476056
-97.88000000000001,0.24759813
-97.89,0.24759072
-97.9,0.24758323
-97.91000000000001,0.24757592
-97.92,0.24756849
-97.93,0.24756095
-97.94000000000001,0.24755353
-97.95,0.24754603
-97.96000000000001,0.24753858
-97.97000000000001,0.24753115
-97.98,0.24752364
-97.99000000000001,0.24751626
-98.00000000000001,0.24750878
-98.01,0.2475014
-98.02000000000001,0.24749394
-98.03,0.24748658
-98.04,0.2474791
-98.05000000000001,0.24747165
-98.06,0.24746436
-98.07000000000001,0.24745679
-98.08000000000001,0.24744938
-98.09,0.24744187
-98.10000000000001,0.24743448
-98.11000000000001,0.24742709
-98.12,0.24741966
-98.13000000000001,0.24741228
-98.14,0.24740471
-98.15,0.24739735
-98.16000000000001,0.24739003
-98.17,0.24738266
-98.18,0.24737523
-98.19000000000001,0.24736771
-98.2,0.24736036
-98.21000000000001,0.24735287
-98.22000000000001,0.2473455
-98.23,0.24733807
-98.24000000000001,0.24733073
-98.25000000000001,0.24732317
-98.26,0.24731587
-98.27000000000001,0.24730842
-98.28,0.24730113
-98.29,0.24729374
-98.30000000000001,0.2472863
-98.31,0.24727887
-98.32000000000001,0.2472715
-98.33000000000001,0.2472641
-98.34,0.24725668
-98.35000000000001,0.24724929
-98.36000000000001,0.24724185
-98.37,0.24723443
-98.38000000000001,0.24722707
-98.39,0.24721962
-98.4,0.2472122
-98.41000000000001,0.24720488
-98.42,0.24719751
-98.43,0.24719006
-98.44000000000001,0.24718283
-98.45,0.24717535
-98.46000000000001,0.24716797
-98.47000000000001,0.24716063
-98.48,0.24715322
-98.49000000000001,0.24714588
-98.50000000000001,0.24713849
-98.51,0.24713103
-98.52000000000001,0.24712364
-98.53,0.24711622
-98.54,0.24710885
-98.55000000000001,0.24710159
-98.56,0.24709415
-98.57000000000001,0.24708673
-98.58000000000001,0.2470794
-98.59,0.24707194
-98.60000000000001,0.2470646
-98.61000000000001,0.2470574
-98.62,0.24704993
-98.63000000000001,0.24704249
-98.64,0.24703525
-98.65,0.24702778
-98.66000000000001,0.24702048
-98.67,0.24701302
-98.68,0.2470057
-98.69000000000001,0.24699832
-98.7,0.24699107
-98.71000000000001,0.24698368
-98.72000000000001,0.24697627
-98.73,0.24696895
-98.74000000000001,0.24696161
-98.75000000000001,0.24695428
-98.76,0.24694689
-98.77000000000001,0.24693961
-98.78,0.24693225
-98.79,0.24692485
-98.80000000000001,0.24691753
-98.81,0.24691013
-98.82000000000001,0.24690284
-98.83000000000001,0.24689539
-98.84,0.24688813
-98.85000000000001,0.2468807
-98.86000000000001,0.24687338
-98.87,0.24686608
-98.88000000000001,0.24685867
-98.89,0.24685137
-98.9,0.24684402
-98.91000000000001,0.24683669
-98.92,0.24682938
-98.93,0.24682209
-98.94000000000001,0.24681473
-98.95,0.2468074
-98.96000000000001,0.24680008
-98.97000000000001,0.24679273
-98.98,0.24678536
-98.99000000000001,0.24677807
-99.00000000000001,0.24677072
-99.01,0.24676341
-99.02000000000001,0.24675612
-99.03,0.24674878
-99.04,0.24674149
-99.05000000000001,0.24673402
-99.06,0.24672684
-99.07000000000001,0.24671954
-99.08000000000001,0.24671218
-99.09,0.24670489
-99.10000000000001,0.24669747
-99.11000000000001,0.2466902
-99.12,0.24668291
-99.13000000000001,0.24667558
-99.14,0.24666825
-99.15,0.24666095
-99.16000000000001,0.24665369
-99.17,0.24664642
-99.18,0.24663909
-99.19000000000001,0.24663179
-99.2,0.24662453
-99.21000000000001,0.24661711
-99.22000000000001,0.2466098
-99.23,0.24660261
-99.24000000000001,0.24659531
-99.25000000000001,0.246588
-99.26,0.24658065
-99.27000000000001,0.24657337
-99.28,0.24656601
-99.29,0.24655885
-99.30000000000001,0.24655138
-99.31,0.24654421
-99.32000000000001,0.24653679
-99.33000000000001,0.24652956
-99.34,0.24652234
-99.35000000000001,0.24651496
-99.36000000000001,0.24650773
-99.37,0.24650042
-99.38000000000001,0.2464932
-99.39,0.24648595
-99.4,0.24647862
-99.41000000000001,0.24647139
-99.42,0.246464
-99.43,0.24645677
-99.44000000000001,0.24644949
-99.45,0.2464422
-99.46000000000001,0.24643487
-99.47000000000001,0.24642767
-99.48,0.24642044
-99.49000000000001,0.24641319
-99.50000000000001,0.24640581
-99.51,0.24639842
-99.52000000000001,0.24639137
-99.53,0.24638394
-99.54,0.24637665
-99.55000000000001,0.24636947
-99.56,0.2463622
-99.57000000000001,0.24635491
-99.58000000000001,0.24634767
-99.59,0.24634045
-99.60000000000001,0.24633317
-99.61000000000001,0.24632598
-99.62,0.2463187
-99.63000000000001,0.24631143
-99.64,0.24630412
-99.65,0.24629696
-99.66000000000001,0.24628966
-99.67,0.2462824
-99.68,0.2462751
-99.69000000000001,0.24626787
-99.7,0.24626063
-99.71000000000001,0.24625342
-99.72000000000001,0.24624616
-99.73,0.24623889
-99.74000000000001,0.24623163
-99.75000000000001,0.24622442
-99.76,0.24621718
-99.77000000000001,0.24620987
-99.78,0.24620265
-99.79,0.24619545
-99.80000000000001,0.24618827
-99.81,0.24618094
-99.82000000000001,0.24617368
-99.83000000000001,0.24616641
-99.84,0.24615924
-99.85000000000001,0.24615197
-99.86000000000001,0.2461448
-99.87,0.24613753
-99.88000000000001,0.24613027
-99.89,0.2461231
-99.9,0.24611588
-99.91000000000001,0.24610862
-99.92,0.24610144
-99.93,0.2460942
-99.94000000000001,0.24608701
-99.95,0.24607979
-99.96000000000001,0.2460725
-99.97000000000001,0.2460653
-99.98,0.24605812
-99.99000000000001,0.24605091
-100.00000000000001,0.24604362
