psi,theta
-0.01,0.4098056
-0.02,0.4098049
-0.03,0.40980428
-0.04,0.4098037
-0.05,0.4098031
-0.060000000000000005,0.40980253
-0.06999999999999999,0.40980193
-0.08,0.40980136
-0.09,0.4098008
-0.09999999999999999,0.40980023
-0.11,0.40979964
-0.12,0.40979904
-0.13,0.40979844
-0.14,0.4097979
-0.15000000000000002,0.4097973
-0.16,0.4097967
-0.17,0.40979615
-0.18000000000000002,0.40979552
-0.19,0.40979496
-0.2,0.40979433
-0.21000000000000002,0.40979373
-0.22,0.40979314
-0.23,0.40979254
-0.24000000000000002,0.40979192
-0.25,0.4097913
-0.26,0.40979064
-0.27,0.40979004
-0.28,0.40978938
-0.29000000000000004,0.40978876
-0.3,0.4097881
-0.31,0.40978745
-0.32,0.40978676
-0.33,0.4097861
-0.34,0.40978542
-0.35000000000000003,0.40978473
-0.36000000000000004,0.40978405
-0.37,0.40978336
-0.38,0.40978265
-0.39,0.40978187
-0.4,0.40978116
-0.41000000000000003,0.4097804
-0.42000000000000004,0.40977967
-0.43,0.4097789
-0.44,0.40977812
-0.45,0.40977734
-0.46,0.4097765
-0.47000000000000003,0.40977567
-0.48000000000000004,0.40977484
-0.49,0.40977398
-0.5,0.4097731
-0.51,0.40977222
-0.52,0.40977126
-0.53,0.4097703
-0.54,0.4097694
-0.55,0.4097684
-0.56,0.4097674
-0.5700000000000001,0.40976638
-0.5800000000000001,0.4097653
-0.59,0.4097642
-0.6,0.4097631
-0.61,0.40976197
-0.62,0.40976077
-0.63,0.40975955
-0.64,0.4097583
-0.65,0.40975702
-0.66,0.4097557
-0.67,0.40975434
-0.68,0.40975296
-0.6900000000000001,0.40975153
-0.7000000000000001,0.40975004
-0.7100000000000001,0.4097485
-0.72,0.40974694
-0.73,0.4097453
-0.74,0.40974364
-0.75,0.4097419
-0.76,0.40974015
-0.77,0.40973833
-0.78,0.40973645
-0.79,0.40973452
-0.8,0.40973252
-0.81,0.4097305
-0.8200000000000001,0.40972838
-0.8300000000000001,0.4097262
-0.8400000000000001,0.40972394
-0.85,0.40972167
-0.86,0.4097193
-0.87,0.40971687
-0.88,0.4097144
-0.89,0.4097118
-0.9,0.4097092
-0.91,0.4097065
-0.92,0.4097037
-0.93,0.40970087
-0.9400000000000001,0.40969795
-0.9500000000000001,0.40969497
-0.9600000000000001,0.40969193
-0.97,0.40968883
-0.98,0.4096856
-0.99,0.40968236
-1.0,0.40967906
-1.01,0.4096756
-1.02,0.40967214
-1.03,0.40966862
-1.04,0.409665
-1.05,0.40966132
-1.06,0.4096576
-1.07,0.40965375
-1.08,0.40964988
-1.09,0.40964594
-1.1,0.40964192
-1.11,0.40963784
-1.12,0.4096337
-1.1300000000000001,0.40962952
-1.1400000000000001,0.40962526
-1.1500000000000001,0.40962097
-1.1600000000000001,0.4096166
-1.17,0.40961215
-1.18,0.40960765
-1.19,0.40960312
-1.2,0.40959853
-1.21,0.40959388
-1.22,0.4095892
-1.23,0.40958446
-1.24,0.40957963
-1.25,0.4095748
-1.26,0.4095699
-1.27,0.40956497
-1.28,0.40956
-1.29,0.40955496
-1.3,0.40954986
-1.31,0.4095448
-1.32,0.40953964
-1.33,0.4095344
-1.34,0.40952915
-1.35,0.4095239
-1.36,0.4095186
-1.37,0.40951324
-1.3800000000000001,0.4095078
-1.3900000000000001,0.4095024
-1.4000000000000001,0.4094969
-1.4100000000000001,0.4094914
-1.42,0.40948585
-1.43,0.40948027
-1.44,0.40947464
-1.45,0.40946898
-1.46,0.4094633
-1.47,0.40945756
-1.48,0.40945178
-1.49,0.409446
-1.5,0.40944013
-1.51,0.4094343
-1.52,0.4094284
-1.53,0.40942243
-1.54,0.40941647
-1.55,0.40941042
-1.56,0.4094044
-1.57,0.40939832
-1.58,0.4093922
-1.59,0.40938604
-1.6,0.40937987
-1.61,0.40937364
-1.62,0.4093674
-1.6300000000000001,0.40936112
-1.6400000000000001,0.4093548
-1.6500000000000001,0.40934846
-1.6600000000000001,0.40934205
-1.6700000000000002,0.40933564
-1.68,0.40932918
-1.69,0.4093227
-1.7,0.40931618
-1.71,0.40930963
-1.72,0.40930307
-1.73,0.40929642
-1.74,0.40928978
-1.75,0.4092831
-1.76,0.40927637
-1.77,0.40926963
-1.78,0.4092629
-1.79,0.40925607
-1.8,0.40924925
-1.81,0.40924236
-1.82,0.40923548
-1.83,0.40922853
-1.84,0.4092216
-1.85,0.40921462
-1.86,0.40920758
-1.87,0.40920058
-1.8800000000000001,0.4091935
-1.8900000000000001,0.4091864
-1.9000000000000001,0.40917927
-1.9100000000000001,0.40917212
-1.9200000000000002,0.40916497
-1.93,0.40915775
-1.94,0.40915054
-1.95,0.40914327
-1.96,0.409136
-1.97,0.4091287
-1.98,0.40912133
-1.99,0.409114
-2.0,0.4091066
-2.01,0.40909922
-2.02,0.4090918
-2.03,0.40908438
-2.04,0.40907687
-2.05,0.40906942
-2.0599999999999996,0.4090619
-2.07,0.4090544
-2.0799999999999996,0.40904683
-2.09,0.40903926
-2.0999999999999996,0.40903166
-2.11,0.40902406
-2.1199999999999997,0.40901643
-2.13,0.40900877
-2.1399999999999997,0.4090011
-2.15,0.40899342
-2.1599999999999997,0.40898573
-2.17,0.408978
-2.1799999999999997,0.40897027
-2.19,0.40896252
-2.1999999999999997,0.40895477
-2.21,0.40894696
-2.2199999999999998,0.40893918
-2.23,0.40893134
-2.2399999999999998,0.4089235
-2.25,0.4089157
-2.26,0.40890783
-2.27,0.40889996
-2.28,0.4088921
-2.29,0.40888417
-2.3,0.40887627
-2.31,0.40886834
-2.32,0.4088604
-2.3299999999999996,0.40885246
-2.34,0.40884453
-2.3499999999999996,0.4088365
-2.36,0.40882856
-2.3699999999999997,0.40882057
-2.38,0.40881255
-2.3899999999999997,0.40880457
-2.4,0.40879652
-2.4099999999999997,0.4087885
-2.42,0.40878046
-2.4299999999999997,0.4087724
-2.44,0.40876436
-2.4499999999999997,0.40875626
-2.46,0.4087482
-2.4699999999999998,0.4087401
-2.48,0.408732
-2.4899999999999998,0.40872392
-2.5,0.40871578
-2.51,0.40870768
-2.52,0.40869957
-2.53,0.40869147
-2.54,0.4086833
-2.55,0.4086752
-2.56,0.408667
-2.57,0.40865886
-2.5799999999999996,0.4086507
-2.59,0.40864253
-2.5999999999999996,0.40863436
-2.61,0.40862617
-2.6199999999999997,0.40861797
-2.63,0.40860978
-2.6399999999999997,0.40860158
-2.65,0.4085934
-2.6599999999999997,0.4085852
-2.67,0.40857697
-2.6799999999999997,0.40856874
-2.69,0.4085605
-2.6999999999999997,0.40855235
-2.71,0.40854412
-2.7199999999999998,0.40853587
-2.73,0.4085276
-2.7399999999999998,0.4085194
-2.75,0.40851116
-2.76,0.40850288
-2.77,0.40849465
-2.78,0.4084864
-2.79,0.40847814
-2.8,0.4084699
-2.81,0.4084616
-2.82,0.40845332
-2.8299999999999996,0.40844506
-2.84,0.4084368
-2.8499999999999996,0.4084285
-2.86,0.40842023
-2.8699999999999997,0.40841195
-2.88,0.40840366
-2.8899999999999997,0.40839538
-2.9,0.4083871
-2.9099999999999997,0.4083788
-2.92,0.4083705
-2.9299999999999997,0.4083622
-2.94,0.40835392
-2.9499999999999997,0.40834564
-2.96,0.40833732
-2.9699999999999998,0.408329
-2.98,0.4083207
-2.9899999999999998,0.4083124
-3.0,0.4083041
-3.01,0.40829578
-3.02,0.40828747
-3.03,0.40827918
-3.04,0.40827087
-3.05,0.40826255
-3.06,0.4082542
-3.07,0.40824592
-3.08,0.40823758
-3.09,0.40822923
-3.0999999999999996,0.40822095
-3.11,0.4082126
-3.1199999999999997,0.40820426
-3.13,0.40819594
-3.1399999999999997,0.40818763
-3.15,0.4081793
-3.1599999999999997,0.40817097
-3.17,0.40816262
-3.1799999999999997,0.4081543
-3.19,0.40814593
-3.1999999999999997,0.40813762
-3.21,0.40812927
-3.2199999999999998,0.40812093
-3.23,0.40811262
-3.2399999999999998,0.40810424
-3.25,0.40809593
-3.26,0.40808758
-3.27,0.40807927
-3.28,0.40807092
-3.29,0.40806255
-3.3,0.4080542
-3.31,0.40804586
-3.32,0.4080375
-3.33,0.40802914
-3.34,0.40802082
-3.3499999999999996,0.40801245
-3.36,0.4080041
-3.3699999999999997,0.40799576
-3.38,0.40798742
-3.3899999999999997,0.40797907
-3.4,0.40797073
-3.4099999999999997,0.40796235
-3.42,0.40795398
-3.4299999999999997,0.40794563
-3.44,0.4079373
-3.4499999999999997,0.4079289
-3.46,0.40792054
-3.4699999999999998,0.4079122
-3.48,0.40790385
-3.4899999999999998,0.40789548
-3.5,0.4078871
-3.51,0.40787876
-3.52,0.40787038
-3.53,0.407862
-3.54,0.40785366
-3.55,0.4078453
-3.56,0.4078369
-3.57,0.4078285
-3.58,0.40782017
-3.59,0.40781182
-3.5999999999999996,0.40780345
-3.61,0.40779507
-3.6199999999999997,0.4077867
-3.63,0.40777832
-3.6399999999999997,0.40776995
-3.65,0.40776157
-3.6599999999999997,0.4077532
-3.67,0.4077448
-3.6799999999999997,0.40773642
-3.69,0.40772808
-3.6999999999999997,0.40771967
-3.71,0.4077113
-3.7199999999999998,0.40770292
-3.73,0.40769452
-3.7399999999999998,0.40768614
-3.75,0.40767777
-3.76,0.40766937
-3.77,0.40766096
-3.78,0.40765262
-3.79,0.4076442
-3.8,0.4076358
-3.81,0.40762743
-3.82,0.40761906
-3.83,0.40761065
-3.84,0.40760225
-3.8499999999999996,0.40759385
-3.86,0.40758547
-3.8699999999999997,0.40757707
-3.88,0.4075687
-3.8899999999999997,0.4075603
-3.9,0.40755188
-3.9099999999999997,0.40754345
-3.92,0.40753508
-3.9299999999999997,0.40752667
-3.94,0.40751827
-3.9499999999999997,0.40750986
-3.96,0.40750146
-3.9699999999999998,0.40749305
-3.98,0.40748462
-3.9899999999999998,0.40747625
-4.0,0.4074678
-4.01,0.4074594
-4.02,0.40745097
-4.03,0.40744257
-4.04,0.40743417
-4.05,0.40742576
-4.06,0.4074173
-4.07,0.4074089
-4.08,0.40740046
-4.09,0.40739208
-4.1,0.40738362
-4.109999999999999,0.4073752
-4.12,0.40736675
-4.13,0.40735835
-4.14,0.4073499
-4.1499999999999995,0.40734148
-4.16,0.40733308
-4.17,0.4073246
-4.18,0.4073162
-4.1899999999999995,0.40730774
-4.2,0.4072993
-4.21,0.40729088
-4.22,0.40728244
-4.2299999999999995,0.407274
-4.24,0.40726557
-4.25,0.4072571
-4.26,0.40724868
-4.27,0.4072402
-4.28,0.40723178
-4.29,0.40722328
-4.3,0.40721488
-4.31,0.40720642
-4.32,0.40719795
-4.33,0.4071895
-4.34,0.40718102
-4.35,0.40717256
-4.36,0.40716413
-4.37,0.40715566
-4.38,0.4071472
-4.39,0.4071387
-4.3999999999999995,0.40713027
-4.41,0.40712178
-4.42,0.4071133
-4.43,0.40710485
-4.4399999999999995,0.4070964
-4.45,0.4070879
-4.46,0.4070794
-4.47,0.40707093
-4.4799999999999995,0.40706247
-4.49,0.407054
-4.5,0.40704548
-4.51,0.40703702
-4.52,0.40702853
-4.53,0.40702003
-4.54,0.40701157
-4.55,0.40700305
-4.56,0.40699458
-4.57,0.40698606
-4.58,0.40697756
-4.59,0.40696907
-4.6,0.40696055
-4.61,0.40695205
-4.62,0.40694356
-4.63,0.40693507
-4.64,0.40692654
-4.6499999999999995,0.40691805
-4.66,0.40690953
-4.67,0.406901
-4.68,0.40689248
-4.6899999999999995,0.40688396
-4.7,0.40687546
-4.71,0.40686694
-4.72,0.40685838
-4.7299999999999995,0.40684992
-4.74,0.4068414
-4.75,0.4068328
-4.76,0.4068243
-4.77,0.40681577
-4.78,0.40680724
-4.79,0.40679872
-4.8,0.40679017
-4.81,0.4067816
-4.82,0.4067731
-4.83,0.40676457
-4.84,0.40675598
-4.85,0.40674746
-4.86,0.40673888
-4.87,0.40673035
-4.88,0.40672177
-4.89,0.40671325
-4.8999999999999995,0.4067047
-4.91,0.40669614
-4.92,0.40668756
-4.93,0.406679
-4.9399999999999995,0.40667042
-4.95,0.40666187
-4.96,0.40665329
-4.97,0.40664476
-4.9799999999999995,0.40663618
-4.99,0.4066276
-5.0,0.406619
-5.01,0.40661043
-5.02,0.40660185
-5.03,0.40659326
-5.04,0.40658468
-5.05,0.4065761
-5.06,0.40656745
-5.07,0.4065589
-5.08,0.4065503
-5.09,0.4065417
-5.1,0.40653312
-5.11,0.4065245
-5.12,0.4065159
-5.13,0.4065073
-5.14,0.40649867
-5.1499999999999995,0.4064901
-5.16,0.40648147
-5.17,0.40647286
-5.18,0.40646428
-5.1899999999999995,0.40645564
-5.2,0.40644702
-5.21,0.4064384
-5.22,0.40642977
-5.2299999999999995,0.40642115
-5.24,0.40641254
-5.25,0.4064039
-5.26,0.40639526
-5.27,0.4063866
-5.28,0.40637797
-5.29,0.40636933
-5.3,0.40636072
-5.31,0.4063521
-5.32,0.4063434
-5.33,0.40633476
-5.34,0.40632612
-5.35,0.40631747
-5.36,0.40630883
-5.37,0.40630016
-5.38,0.4062915
-5.39,0.40628284
-5.3999999999999995,0.4062742
-5.41,0.4062655
-5.42,0.40625685
-5.43,0.4062482
-5.4399999999999995,0.4062395
-5.45,0.40623084
-5.46,0.40622216
-5.47,0.40621346
-5.4799999999999995,0.40620482
-5.49,0.40619615
-5.5,0.40618744
-5.51,0.40617877
-5.52,0.4061701
-5.53,0.40616137
-5.54,0.4061527
-5.55,0.40614396
-5.56,0.4061353
-5.57,0.4061266
-5.58,0.4061179
-5.59,0.40610915
-5.6,0.40610045
-5.61,0.40609175
-5.62,0.40608305
-5.63,0.40607432
-5.64,0.40606564
-5.6499999999999995,0.40605688
-5.66,0.40604818
-5.67,0.40603945
-5.68,0.4060307
-5.6899999999999995,0.406022
-5.7,0.4060133
-5.71,0.40600455
-5.72,0.4059958
-5.7299999999999995,0.40598708
-5.74,0.40597832
-5.75,0.40596956
-5.76,0.40596086
-5.77,0.4059521
-5.78,0.4059434
-5.79,0.40593463
-5.8,0.40592584
-5.81,0.40591708
-5.82,0.40590835
-5.83,0.40589958
-5.84,0.40589082
-5.85,0.40588206
-5.86,0.4058733
-5.87,0.40586454
-5.88,0.40585575
-5.89,0.40584695
-5.8999999999999995,0.4058382
-5.91,0.40582943
-5.92,0.40582064
-5.93,0.40581185
-5.9399999999999995,0.40580308
-5.95,0.4057943
-5.96,0.4057855
-5.97,0.4057767
-5.9799999999999995,0.40576792
-5.99,0.40575913
-6.0,0.4057503
-6.01,0.4057415
-6.02,0.4057327
-6.03,0.40572387
-6.04,0.4057151
-6.05,0.4057063
-6.06,0.4056975
-6.07,0.40568867
-6.08,0.40567982
-6.09,0.40567103
-6.1,0.4056622
-6.11,0.4056534
-6.12,0.40564454
-6.13,0.4056357
-6.14,0.40562686
-6.15,0.40561807
-6.16,0.40560925
-6.17,0.40560037
-6.18,0.40559155
-6.1899999999999995,0.4055827
-6.2,0.40557384
-6.21,0.40556502
-6.22,0.40555617
-6.2299999999999995,0.40554732
-6.24,0.40553847
-6.25,0.4055296
-6.26,0.40552074
-6.27,0.40551186
-6.28,0.405503
-6.29,0.40549412
-6.3,0.40548527
-6.31,0.4054764
-6.32,0.4054675
-6.33,0.40545866
-6.34,0.40544978
-6.35,0.40544087
-6.36,0.405432
-6.37,0.40542316
-6.38,0.40541422
-6.39,0.40540534
-6.4,0.40539646
-6.41,0.40538758
-6.42,0.40537867
-6.43,0.4053698
-6.4399999999999995,0.40536088
-6.45,0.405352
-6.46,0.4053431
-6.47,0.40533417
-6.4799999999999995,0.40532523
-6.49,0.40531635
-6.5,0.4053074
-6.51,0.40529847
-6.52,0.4052896
-6.53,0.40528065
-6.54,0.40527174
-6.55,0.40526283
-6.56,0.4052539
-6.57,0.40524498
-6.58,0.405236
-6.59,0.40522707
-6.6,0.40521815
-6.61,0.40520924
-6.62,0.40520027
-6.63,0.4051913
-6.64,0.4051824
-6.65,0.40517342
-6.66,0.40516448
-6.67,0.4051555
-6.68,0.40514654
-6.6899999999999995,0.4051376
-6.7,0.40512866
-6.71,0.4051197
-6.72,0.40511072
-6.7299999999999995,0.40510172
-6.74,0.40509278
-6.75,0.4050838
-6.76,0.40507483
-6.77,0.40506586
-6.78,0.4050569
-6.79,0.4050479
-6.8,0.4050389
-6.81,0.40502992
-6.82,0.40502095
-6.83,0.40501195
-6.84,0.40500295
-6.85,0.40499395
-6.86,0.40498495
-6.87,0.40497595
-6.88,0.40496695
-6.89,0.40495795
-6.9,0.40494895
-6.91,0.40493995
-6.92,0.40493095
-6.93,0.40492192
-6.9399999999999995,0.4049129
-6.95,0.4049039
-6.96,0.4048949
-6.97,0.40488586
-6.9799999999999995,0.40487683
-6.99,0.40486777
-7.0,0.40485877
-7.01,0.40484974
-7.02,0.4048407
-7.03,0.40483165
-7.04,0.40482265
-7.05,0.4048136
-7.06,0.40480456
-7.07,0.40479547
-7.08,0.40478647
-7.09,0.4047774
-7.1,0.40476835
-7.11,0.4047593
-7.12,0.40475026
-7.13,0.40474117
-7.14,0.40473214
-7.15,0.40472308
-7.16,0.40471402
-7.17,0.40470496
-7.18,0.4046959
-7.1899999999999995,0.4046868
-7.2,0.40467772
-7.21,0.40466863
-7.22,0.40465957
-7.2299999999999995,0.4046505
-7.24,0.4046414
-7.25,0.40463233
-7.26,0.4046232
-7.27,0.40461415
-7.28,0.40460506
-7.29,0.40459597
-7.3,0.40458688
-7.31,0.4045778
-7.32,0.40456867
-7.33,0.4045596
-7.34,0.40455043
-7.35,0.40454137
-7.36,0.40453225
-7.37,0.40452313
-7.38,0.404514
-7.39,0.4045049
-7.4,0.4044958
-7.41,0.40448666
-7.42,0.40447754
-7.43,0.40446842
-7.4399999999999995,0.4044593
-7.45,0.40445018
-7.46,0.404441
-7.47,0.4044319
-7.4799999999999995,0.4044228
-7.49,0.40441364
-7.5,0.40440452
-7.51,0.40439537
-7.52,0.40438622
-7.53,0.40437704
-7.54,0.40436795
-7.55,0.40435877
-7.56,0.40434963
-7.57,0.40434045
-7.58,0.40433133
-7.59,0.40432215
-7.6,0.404313
-7.61,0.40430385
-7.62,0.40429467
-7.63,0.4042855
-7.64,0.40427637
-7.65,0.40426716
-7.66,0.404258
-7.67,0.4042488
-7.68,0.40423962
-7.6899999999999995,0.40423048
-7.7,0.40422127
-7.71,0.4042121
-7.72,0.4042029
-7.7299999999999995,0.40419373
-7.74,0.40418452
-7.75,0.40417534
-7.76,0.40416616
-7.77,0.40415695
-7.78,0.40414774
-7.79,0.40413857
-7.8,0.40412933
-7.81,0.40412015
-7.82,0.40411094
-7.83,0.40410173
-7.84,0.40409255
-7.85,0.4040833
-7.86,0.4040741
-7.87,0.4040649
-7.88,0.40405566
-7.89,0.40404645
-7.9,0.40403718
-7.91,0.404028
-7.92,0.40401876
-7.93,0.40400952
-7.94,0.4040003
-7.95,0.40399104
-7.96,0.4039818
-7.97,0.40397257
-7.9799999999999995,0.40396333
-7.99,0.40395412
-8.0,0.40394488
-8.01,0.4039356
-8.02,0.40392637
-8.03,0.40391713
-8.04,0.40390787
-8.05,0.40389863
-8.06,0.40388936
-8.07,0.4038801
-8.08,0.40387082
-8.09,0.40386158
-8.1,0.40385234
-8.11,0.40384305
-8.12,0.4038338
-8.13,0.4038245
-8.14,0.40381527
-8.15,0.40380597
-8.16,0.40379667
-8.17,0.40378743
-8.18,0.40377814
-8.19,0.40376884
-8.2,0.40375957
-8.209999999999999,0.4037503
-8.22,0.403741
-8.23,0.4037317
-8.24,0.4037224
-8.25,0.4037131
-8.26,0.40370384
-8.27,0.4036945
-8.28,0.4036852
-8.29,0.4036759
-8.3,0.40366662
-8.31,0.40365732
-8.32,0.40364802
-8.33,0.40363872
-8.34,0.40362936
-8.35,0.40362006
-8.36,0.40361077
-8.37,0.4036014
-8.38,0.4035921
-8.39,0.4035828
-8.4,0.4035735
-8.41,0.40356416
-8.42,0.40355483
-8.43,0.4035455
-8.44,0.40353617
-8.45,0.40352684
-8.459999999999999,0.40351748
-8.47,0.4035082
-8.48,0.40349883
-8.49,0.4034895
-8.5,0.40348014
-8.51,0.4034708
-8.52,0.40346146
-8.53,0.4034521
-8.54,0.40344274
-8.55,0.40343338
-8.56,0.40342402
-8.57,0.4034147
-8.58,0.4034053
-8.59,0.40339598
-8.6,0.40338662
-8.61,0.40337726
-8.62,0.4033679
-8.63,0.40335852
-8.64,0.40334916
-8.65,0.4033398
-8.66,0.4033304
-8.67,0.40332103
-8.68,0.40331167
-8.69,0.40330228
-8.7,0.4032929
-8.71,0.40328354
-8.72,0.40327412
-8.73,0.40326476
-8.74,0.40325534
-8.75,0.403246
-8.76,0.40323657
-8.77,0.4032272
-8.78,0.40321776
-8.79,0.40320837
-8.8,0.40319902
-8.81,0.4031896
-8.82,0.4031802
-8.83,0.40317076
-8.84,0.40316138
-8.85,0.40315196
-8.86,0.40314257
-8.87,0.40313315
-8.88,0.40312374
-8.89,0.40311432
-8.9,0.4031049
-8.91,0.40309548
-8.92,0.40308607
-8.93,0.40307665
-8.94,0.40306723
-8.95,0.4030578
-8.96,0.4030484
-8.97,0.40303895
-8.98,0.4030295
-8.99,0.40302008
-9.0,0.40301067
-9.01,0.4030012
-9.02,0.40299177
-9.03,0.40298232
-9.04,0.40297288
-9.05,0.40296346
-9.06,0.402954
-9.07,0.40294456
-9.08,0.40293512
-9.09,0.40292567
-9.1,0.4029162
-9.11,0.40290675
-9.12,0.4028973
-9.13,0.40288782
-9.14,0.40287837
-9.15,0.4028689
-9.16,0.40285945
-9.17,0.40285003
-9.18,0.40284052
-9.19,0.40283105
-9.2,0.4028216
-9.21,0.40281212
-9.22,0.40280265
-9.23,0.40279317
-9.24,0.4027837
-9.25,0.4027742
-9.26,0.40276474
-9.27,0.40275526
-9.28,0.40274578
-9.29,0.4027363
-9.3,0.4027268
-9.31,0.4027173
-9.32,0.40270782
-9.33,0.40269834
-9.34,0.40268883
-9.35,0.40267935
-9.36,0.40266985
-9.37,0.40266034
-9.38,0.40265083
-9.39,0.40264133
-9.4,0.40263182
-9.41,0.40262234
-9.42,0.4026128
-9.43,0.40260333
-9.44,0.40259382
-9.45,0.4025843
-9.46,0.40257478
-9.47,0.4025653
-9.48,0.40255576
-9.49,0.40254623
-9.5,0.4025367
-9.51,0.40252715
-9.52,0.40251768
-9.53,0.40250814
-9.54,0.4024986
-9.55,0.40248907
-9.56,0.40247956
-9.57,0.40247002
-9.58,0.4024605
-9.59,0.40245095
-9.6,0.40244144
-9.61,0.4024319
-9.62,0.4024223
-9.63,0.4024128
-9.64,0.40240324
-9.65,0.4023937
-9.66,0.40238416
-9.67,0.40237463
-9.68,0.4023651
-9.69,0.40235552
-9.7,0.40234596
-9.71,0.40233642
-9.72,0.40232688
-9.73,0.4023173
-9.74,0.40230775
-9.75,0.40229818
-9.76,0.40228862
-9.77,0.40227908
-9.78,0.40226948
-9.79,0.40225992
-9.8,0.40225035
-9.81,0.4022408
-9.82,0.40223122
-9.83,0.40222168
-9.84,0.40221205
-9.85,0.4022025
-9.86,0.4021929
-9.87,0.40218335
-9.88,0.40217376
-9.89,0.40216416
-9.9,0.4021546
-9.91,0.40214497
-9.92,0.40213543
-9.93,0.40212584
-9.94,0.40211624
-9.95,0.40210667
-9.96,0.40209705
-9.97,0.40208745
-9.98,0.40207785
-9.99,0.40206826
-10.0,0.40205866
-10.01,0.40204906
-10.02,0.40203947
-10.03,0.40202987
-10.04,0.40202028
-10.05,0.40201065
-10.06,0.40200105
-10.07,0.40199143
-10.08,0.40198183
-10.09,0.4019722
-10.1,0.40196258
-10.11,0.40195298
-10.12,0.4019434
-10.13,0.40193376
-10.14,0.40192413
-10.15,0.40191448
-10.16,0.40190488
-10.17,0.40189525
-10.18,0.40188563
-10.19,0.40187603
-10.2,0.40186638
-10.21,0.40185675
-10.22,0.40184712
-10.23,0.40183747
-10.24,0.40182787
-10.25,0.40181822
-10.26,0.40180856
-10.27,0.40179896
-10.28,0.4017893
-10.29,0.40177965
-10.3,0.40177
-10.31,0.4017604
-10.32,0.40175074
-10.33,0.4017411
-10.34,0.40173143
-10.35,0.40172178
-10.36,0.40171212
-10.37,0.40170246
-10.38,0.4016928
-10.39,0.40168315
-10.4,0.4016735
-10.41,0.40166384
-10.42,0.40165418
-10.43,0.40164453
-10.44,0.40163484
-10.45,0.40162522
-10.46,0.40161553
-10.47,0.40160587
-10.48,0.4015962
-10.49,0.40158656
-10.5,0.40157688
-10.51,0.40156716
-10.52,0.4015575
-10.53,0.40154785
-10.54,0.40153813
-10.55,0.40152848
-10.56,0.4015188
-10.57,0.4015091
-10.58,0.40149945
-10.59,0.40148973
-10.6,0.40148008
-10.61,0.4014704
-10.62,0.4014607
-10.63,0.401451
-10.64,0.40144134
-10.65,0.40143162
-10.66,0.40142196
-10.67,0.40141225
-10.68,0.40140253
-10.69,0.40139282
-10.7,0.40138313
-10.71,0.40137345
-10.72,0.40136373
-10.73,0.401354
-10.74,0.40134436
-10.75,0.40133464
-10.76,0.40132493
-10.77,0.4013152
-10.78,0.40130553
-10.79,0.40129578
-10.8,0.40128607
-10.81,0.40127638
-10.82,0.40126666
-10.83,0.40125692
-10.84,0.4012472
-10.85,0.4012375
-10.86,0.40122777
-10.87,0.40121806
-10.88,0.40120834
-10.89,0.40119863
-10.9,0.4011889
-10.91,0.4011792
-10.92,0.40116945
-10.93,0.4011597
-10.94,0.40115
-10.95,0.40114024
-10.96,0.40113053
-10.97,0.40112078
-10.98,0.40111107
-10.99,0.40110135
-11.0,0.4010916
-11.01,0.40108186
-11.02,0.40107214
-11.03,0.40106237
-11.04,0.40105262
-11.05,0.40104288
-11.06,0.40103313
-11.07,0.4010234
-11.08,0.4010136
-11.09,0.4010039
-11.1,0.40099418
-11.11,0.4009844
-11.12,0.40097463
-11.13,0.40096492
-11.14,0.40095514
-11.15,0.40094537
-11.16,0.40093565
-11.17,0.40092587
-11.18,0.4009161
-11.19,0.40090635
-11.2,0.4008966
-11.21,0.40088683
-11.22,0.40087706
-11.23,0.40086728
-11.24,0.40085757
-11.25,0.4008478
-11.26,0.40083802
-11.27,0.40082824
-11.28,0.40081847
-11.29,0.40080866
-11.3,0.40079892
-11.31,0.40078914
-11.32,0.40077937
-11.33,0.40076956
-11.34,0.40075982
-11.35,0.40075
-11.36,0.40074027
-11.37,0.40073046
-11.38,0.40072066
-11.39,0.40071088
-11.4,0.4007011
-11.41,0.40069133
-11.42,0.40068156
-11.43,0.40067175
-11.44,0.40066198
-11.45,0.40065217
-11.46,0.40064237
-11.47,0.40063256
-11.48,0.40062279
-11.49,0.40061298
-11.5,0.4006032
-11.51,0.4005934
-11.52,0.40058357
-11.53,0.4005738
-11.54,0.40056401
-11.55,0.40055418
-11.56,0.4005444
-11.57,0.40053457
-11.58,0.4005248
-11.59,0.40051496
-11.6,0.4005052
-11.61,0.40049535
-11.62,0.40048555
-11.63,0.40047574
-11.64,0.4004659
-11.65,0.4004561
-11.66,0.4004463
-11.67,0.40043646
-11.68,0.4004267
-11.69,0.40041685
-11.7,0.40040702
-11.71,0.40039718
-11.72,0.4003874
-11.73,0.40037757
-11.74,0.40036774
-11.75,0.4003579
-11.76,0.4003481
-11.77,0.40033826
-11.78,0.4003284
-11.79,0.4003186
-11.8,0.40030876
-11.81,0.40029895
-11.82,0.4002891
-11.83,0.40027928
-11.84,0.40026945
-11.85,0.4002596
-11.86,0.40024978
-11.87,0.40023994
-11.88,0.40023008
-11.89,0.40022025
-11.9,0.4002104
-11.91,0.4002006
-11.92,0.4001907
-11.93,0.40018088
-11.94,0.40017104
-11.95,0.4001612
-11.96,0.40015137
-11.97,0.4001415
-11.98,0.40013167
-11.99,0.4001218
-12.0,0.40011197
-12.01,0.40010208
-12.02,0.40009224
-12.03,0.4000824
-12.040000000000001,0.40007254
-12.05,0.40006268
-12.06,0.40005285
-12.07,0.40004295
-12.08,0.40003312
-12.09,0.40002322
-12.1,0.4000134
-12.11,0.40000352
-12.12,0.39999366
-12.13,0.39998382
-12.14,0.39997393
-12.15,0.39996406
-12.16,0.3999542
-12.17,0.39994437
-12.18,0.39993447
-12.19,0.3999246
-12.2,0.39991474
-12.21,0.39990485
-12.22,0.39989495
-12.23,0.39988512
-12.24,0.39987528
-12.25,0.39986536
-12.26,0.3998555
-12.27,0.3998456
-12.28,0.39983574
-12.290000000000001,0.39982584
-12.3,0.39981598
-12.31,0.39980608
-12.32,0.39979625
-12.33,0.39978632
-12.34,0.39977646
-12.35,0.39976656
-12.36,0.39975667
-12.37,0.39974678
-12.38,0.39973688
-12.39,0.399727
-12.4,0.3997171
-12.41,0.39970723
-12.42,0.3996973
-12.43,0.39968747
-12.44,0.39967754
-12.45,0.39966768
-12.46,0.39965776
-12.47,0.3996479
-12.48,0.39963797
-12.49,0.39962804
-12.5,0.39961818
-12.51,0.39960825
-12.52,0.39959836
-12.53,0.39958853
-12.540000000000001,0.39957857
-12.55,0.39956865
-12.56,0.39955878
-12.57,0.39954886
-12.58,0.39953893
-12.59,0.39952904
-12.6,0.39951915
-12.61,0.39950922
-12.62,0.3994993
-12.63,0.3994894
-12.64,0.3994795
-12.65,0.39946958
-12.66,0.39945966
-12.67,0.39944977
-12.68,0.3994398
-12.69,0.39942992
-12.7,0.39942002
-12.71,0.3994101
-12.72,0.39940017
-12.73,0.39939025
-12.74,0.39938033
-12.75,0.39937043
-12.76,0.39936048
-12.77,0.39935055
-12.78,0.39934063
-12.790000000000001,0.39933074
-12.8,0.39932078
-12.81,0.3993109
-12.82,0.39930093
-12.83,0.39929104
-12.84,0.39928108
-12.85,0.39927113
-12.86,0.39926124
-12.87,0.39925128
-12.88,0.39924136
-12.89,0.39923143
-12.9,0.39922148
-12.91,0.3992116
-12.92,0.39920163
-12.93,0.39919168
-12.94,0.39918175
-12.95,0.39917177
-12.96,0.39916188
-12.97,0.39915195
-12.98,0.39914203
-12.99,0.39913207
-13.0,0.39912212
-13.01,0.39911216
-13.02,0.3991022
-13.03,0.3990923
-13.040000000000001,0.39908236
-13.05,0.3990724
-13.06,0.39906245
-13.07,0.3990525
-13.08,0.39904255
-13.09,0.3990326
-13.1,0.39902264
-13.11,0.39901268
-13.12,0.39900276
-13.13,0.39899278
-13.14,0.39898285
-13.15,0.39897287
-13.16,0.39896291
-13.17,0.39895296
-13.18,0.39894304
-13.19,0.39893305
-13.2,0.3989231
-13.21,0.39891315
-13.22,0.3989032
-13.23,0.39889324
-13.24,0.39888328
-13.25,0.3988733
-13.26,0.39886338
-13.27,0.39885336
-13.28,0.39884344
-13.290000000000001,0.39883348
-13.3,0.3988235
-13.31,0.39881355
-13.32,0.3988036
-13.33,0.39879358
-13.34,0.39878362
-13.35,0.39877367
-13.36,0.3987637
-13.37,0.39875373
-13.38,0.39874375
-13.39,0.3987338
-13.4,0.3987238
-13.41,0.39871383
-13.42,0.39870387
-13.43,0.39869386
-13.44,0.3986839
-13.45,0.39867392
-13.46,0.39866394
-13.47,0.39865398
-13.48,0.398644
-13.49,0.39863402
-13.5,0.39862403
-13.51,0.39861405
-13.52,0.3986041
-13.53,0.39859408
-13.540000000000001,0.39858413
-13.55,0.39857414
-13.56,0.39856416
-13.57,0.39855415
-13.58,0.3985442
-13.59,0.39853418
-13.6,0.39852422
-13.61,0.3985142
-13.62,0.39850423
-13.63,0.39849424
-13.64,0.39848426
-13.65,0.39847428
-13.66,0.39846426
-13.67,0.3984543
-13.68,0.39844427
-13.69,0.3984343
-13.7,0.39842433
-13.71,0.3984143
-13.72,0.3984043
-13.73,0.39839432
-13.74,0.39838433
-13.75,0.39837432
-13.76,0.39836434
-13.77,0.39835432
-13.78,0.39834434
-13.790000000000001,0.39833432
-13.8,0.3983243
-13.81,0.39831433
-13.82,0.39830434
-13.83,0.39829433
-13.84,0.39828432
-13.85,0.3982743
-13.86,0.39826435
-13.87,0.39825433
-13.88,0.39824432
-13.89,0.3982343
-13.9,0.3982243
-13.91,0.39821428
-13.92,0.3982043
-13.93,0.3981943
-13.94,0.3981843
-13.95,0.3981743
-13.96,0.39816427
-13.97,0.39815426
-13.98,0.39814422
-13.99,0.39813423
-14.0,0.39812422
-14.01,0.3981142
-14.02,0.3981042
-14.03,0.39809418
-14.040000000000001,0.39808416
-14.05,0.39807415
-14.06,0.39806414
-14.07,0.39805412
-14.08,0.3980441
-14.09,0.39803407
-14.1,0.39802408
-14.11,0.398014
-14.12,0.39800403
-14.13,0.39799398
-14.14,0.39798397
-14.15,0.39797395
-14.16,0.39796394
-14.17,0.3979539
-14.18,0.39794388
-14.19,0.39793384
-14.2,0.39792383
-14.21,0.3979138
-14.22,0.3979038
-14.23,0.3978938
-14.24,0.39788374
-14.25,0.3978737
-14.26,0.3978637
-14.27,0.39785367
-14.28,0.39784363
-14.290000000000001,0.39783362
-14.3,0.39782357
-14.31,0.39781353
-14.32,0.39780352
-14.33,0.39779347
-14.34,0.39778346
-14.35,0.39777339
-14.36,0.39776337
-14.37,0.39775336
-14.38,0.39774328
-14.39,0.39773327
-14.4,0.39772326
-14.41,0.39771318
-14.42,0.39770317
-14.43,0.39769313
-14.44,0.39768308
-14.45,0.39767307
-14.46,0.39766303
-14.47,0.39765298
-14.48,0.3976429
-14.49,0.3976329
-14.5,0.39762285
-14.51,0.3976128
-14.52,0.3976028
-14.53,0.39759272
-14.540000000000001,0.39758268
-14.55,0.39757264
-14.56,0.3975626
-14.57,0.39755255
-14.58,0.39754254
-14.59,0.39753246
-14.6,0.39752242
-14.61,0.39751238
-14.62,0.3975023
-14.63,0.3974923
-14.64,0.39748222
-14.65,0.39747217
-14.66,0.39746213
-14.67,0.39745206
-14.68,0.39744204
-14.69,0.39743197
-14.7,0.39742193
-14.71,0.39741188
-14.72,0.39740184
-14.73,0.39739177
-14.74,0.39738172
-14.75,0.39737165
-14.76,0.39736164
-14.77,0.39735156
-14.78,0.39734152
-14.790000000000001,0.39733145
-14.8,0.3973214
-14.81,0.39731136
-14.82,0.3973013
-14.83,0.3972912
-14.84,0.39728117
-14.85,0.3972711
-14.86,0.39726108
-14.87,0.397251
-14.88,0.39724094
-14.89,0.3972309
-14.9,0.39722082
-14.91,0.39721078
-14.92,0.39720067
-14.93,0.39719063
-14.94,0.39718056
-14.95,0.3971705
-14.96,0.39716047
-14.97,0.3971504
-14.98,0.39714032
-14.99,0.39713025
-15.0,0.39712018
-15.01,0.39711013
-15.02,0.39710006
-15.03,0.39709002
-15.040000000000001,0.39707994
-15.05,0.39706984
-15.06,0.3970598
-15.07,0.39704973
-15.08,0.39703965
-15.09,0.39702958
-15.1,0.39701954
-15.11,0.39700946
-15.12,0.39699936
-15.13,0.39698935
-15.14,0.39697924
-15.15,0.39696914
-15.16,0.3969591
-15.17,0.396949
-15.18,0.39693895
-15.19,0.39692888
-15.2,0.39691883
-15.21,0.39690876
-15.22,0.3968987
-15.23,0.3968886
-15.24,0.3968785
-15.25,0.3968684
-15.26,0.39685833
-15.27,0.3968483
-15.28,0.39683822
-15.290000000000001,0.39682811
-15.3,0.39681807
-15.31,0.39680797
-15.32,0.3967979
-15.33,0.39678782
-15.34,0.39677772
-15.35,0.39676768
-15.36,0.39675754
-15.37,0.3967475
-15.38,0.39673743
-15.39,0.39672735
-15.4,0.39671725
-15.41,0.39670718
-15.42,0.3966971
-15.43,0.39668703
-15.44,0.39667696
-15.45,0.39666685
-15.46,0.39665675
-15.47,0.39664668
-15.48,0.3966366
-15.49,0.39662653
-15.5,0.39661643
-15.51,0.39660633
-15.52,0.39659625
-15.53,0.39658618
-15.540000000000001,0.3965761
-15.55,0.396566
-15.56,0.3965559
-15.57,0.39654583
-15.58,0.39653575
-15.59,0.39652562
-15.6,0.39651555
-15.61,0.39650548
-15.620000000000001,0.3964954
-15.63,0.3964853
-15.64,0.3964752
-15.65,0.39646512
-15.66,0.39645505
-15.67,0.39644498
-15.68,0.39643484
-15.69,0.39642477
-15.7,0.39641467
-15.71,0.39640456
-15.72,0.3963945
-15.73,0.39638442
-15.74,0.39637432
-15.75,0.3963642
-15.76,0.3963541
-15.77,0.396344
-15.78,0.39633393
-15.790000000000001,0.39632383
-15.8,0.39631373
-15.81,0.39630365
-15.82,0.39629355
-15.83,0.39628345
-15.84,0.39627337
-15.85,0.39626324
-15.86,0.39625317
-15.870000000000001,0.3962431
-15.88,0.39623296
-15.89,0.3962229
-15.9,0.39621276
-15.91,0.39620268
-15.92,0.39619258
-15.93,0.39618248
-15.94,0.39617237
-15.95,0.3961623
-15.96,0.39615217
-15.97,0.39614207
-15.98,0.396132
-15.99,0.39612192
-16.0,0.3961118
-16.01,0.3961017
-16.020000000000003,0.39609158
-16.03,0.3960815
-16.040000000000003,0.39607137
-16.05,0.39606127
-16.060000000000002,0.39605117
-16.07,0.3960411
-16.080000000000002,0.39603093
-16.090000000000003,0.39602086
-16.1,0.39601076
-16.110000000000003,0.39600065
-16.12,0.39599055
-16.130000000000003,0.39598048
-16.14,0.39597034
-16.150000000000002,0.3959602
-16.16,0.39595014
-16.17,0.39594
-16.180000000000003,0.39592993
-16.19,0.39591983
-16.200000000000003,0.39590973
-16.21,0.3958996
-16.220000000000002,0.39588952
-16.23,0.3958794
-16.240000000000002,0.39586926
-16.250000000000004,0.39585918
-16.26,0.39584908
-16.270000000000003,0.39583898
-16.28,0.39582884
-16.290000000000003,0.39581877
-16.3,0.39580864
-16.310000000000002,0.39579856
-16.32,0.39578843
-16.330000000000002,0.3957783
-16.340000000000003,0.3957682
-16.35,0.3957581
-16.360000000000003,0.395748
-16.37,0.3957379
-16.380000000000003,0.39572775
-16.39,0.39571765
-16.400000000000002,0.39570755
-16.41,0.3956974
-16.42,0.39568734
-16.430000000000003,0.3956772
-16.44,0.3956671
-16.450000000000003,0.395657
-16.46,0.39564684
-16.470000000000002,0.39563674
-16.48,0.39562666
-16.490000000000002,0.39561653
-16.500000000000004,0.3956064
-16.51,0.39559633
-16.520000000000003,0.3955862
-16.53,0.3955761
-16.540000000000003,0.39556596
-16.55,0.39555585
-16.560000000000002,0.39554572
-16.57,0.39553565
-16.580000000000002,0.39552552
-16.590000000000003,0.39551538
-16.6,0.39550528
-16.610000000000003,0.39549518
-16.62,0.39548504
-16.630000000000003,0.3954749
-16.64,0.39546484
-16.650000000000002,0.3954547
-16.66,0.3954446
-16.67,0.39543447
-16.680000000000003,0.39542437
-16.69,0.39541423
-16.700000000000003,0.39540416
-16.71,0.39539403
-16.720000000000002,0.3953839
-16.73,0.39537376
-16.740000000000002,0.3953637
-16.750000000000004,0.39535356
-16.76,0.39534342
-16.770000000000003,0.3953333
-16.78,0.39532322
-16.790000000000003,0.39531308
-16.8,0.39530292
-16.810000000000002,0.39529282
-16.82,0.3952827
-16.830000000000002,0.39527258
-16.840000000000003,0.39526248
-16.85,0.39525235
-16.860000000000003,0.3952422
-16.87,0.39523214
-16.880000000000003,0.395222
-16.89,0.39521188
-16.900000000000002,0.39520174
-16.91,0.39519164
-16.92,0.3951815
-16.930000000000003,0.3951714
-16.94,0.39516127
-16.950000000000003,0.39515114
-16.96,0.39514104
-16.970000000000002,0.3951309
-16.98,0.3951208
-16.990000000000002,0.39511067
-17.000000000000004,0.39510053
-17.01,0.3950904
-17.020000000000003,0.39508033
-17.03,0.3950702
-17.040000000000003,0.39506006
-17.05,0.39504993
-17.060000000000002,0.3950398
-17.07,0.39502966
-17.080000000000002,0.39501956
-17.090000000000003,0.39500943
-17.1,0.39499933
-17.110000000000003,0.3949892
-17.12,0.3949791
-17.130000000000003,0.39496896
-17.14,0.39495882
-17.150000000000002,0.3949487
-17.160000000000004,0.39493856
-17.17,0.39492846
-17.180000000000003,0.39491832
-17.19,0.3949082
-17.200000000000003,0.39489806
-17.21,0.39488792
-17.220000000000002,0.39487782
-17.23,0.39486772
-17.240000000000002,0.3948576
-17.250000000000004,0.39484745
-17.26,0.39483732
-17.270000000000003,0.3948272
-17.28,0.39481705
-17.290000000000003,0.39480695
-17.3,0.39479682
-17.310000000000002,0.39478672
-17.32,0.39477658
-17.330000000000002,0.39476645
-17.340000000000003,0.39475632
-17.35,0.39474618
-17.360000000000003,0.39473605
-17.37,0.39472598
-17.380000000000003,0.39471582
-17.39,0.3947057
-17.400000000000002,0.39469558
-17.410000000000004,0.39468545
-17.42,0.3946753
-17.430000000000003,0.39466518
-17.44,0.39465508
-17.450000000000003,0.39464492
-17.46,0.39463484
-17.470000000000002,0.39462468
-17.48,0.39461455
-17.490000000000002,0.39460444
-17.500000000000004,0.3945943
-17.51,0.39458418
-17.520000000000003,0.39457405
-17.53,0.3945639
-17.540000000000003,0.39455378
-17.55,0.39454365
-17.560000000000002,0.39453351
-17.57,0.39452338
-17.580000000000002,0.39451325
-17.590000000000003,0.39450312
-17.6,0.394493
-17.610000000000003,0.39448288
-17.62,0.39447275
-17.630000000000003,0.39446262
-17.64,0.3944525
-17.650000000000002,0.39444238
-17.660000000000004,0.39443225
-17.67,0.3944221
-17.680000000000003,0.39441198
-17.69,0.39440185
-17.700000000000003,0.39439175
-17.71,0.39438164
-17.720000000000002,0.39437148
-17.73,0.39436135
-17.740000000000002,0.39435118
-17.750000000000004,0.3943411
-17.76,0.39433098
-17.770000000000003,0.39432085
-17.78,0.3943107
-17.790000000000003,0.39430058
-17.8,0.39429045
-17.810000000000002,0.39428034
-17.82,0.39427018
-17.830000000000002,0.39426005
-17.840000000000003,0.39424995
-17.85,0.39423978
-17.860000000000003,0.39422968
-17.87,0.39421958
-17.880000000000003,0.3942094
-17.89,0.3941993
-17.900000000000002,0.39418918
-17.910000000000004,0.39417905
-17.92,0.3941689
-17.930000000000003,0.39415878
-17.94,0.39414865
-17.950000000000003,0.39413851
-17.96,0.39412838
-17.970000000000002,0.39411825
-17.98,0.39410812
-17.990000000000002,0.39409798
-18.000000000000004,0.39408785
-18.01,0.39407772
-18.020000000000003,0.3940676
-18.03,0.39405745
-18.040000000000003,0.39404732
-18.05,0.3940372
-18.060000000000002,0.3940271
-18.07,0.39401698
-18.080000000000002,0.3940068
-18.090000000000003,0.39399672
-18.1,0.39398658
-18.110000000000003,0.39397645
-18.12,0.39396632
-18.130000000000003,0.39395615
-18.14,0.39394605
-18.150000000000002,0.39393592
-18.160000000000004,0.3939258
-18.17,0.39391565
-18.180000000000003,0.39390552
-18.19,0.3938954
-18.200000000000003,0.39388525
-18.21,0.39387515
-18.220000000000002,0.39386502
-18.23,0.3938549
-18.240000000000002,0.39384472
-18.250000000000004,0.39383462
-18.26,0.39382452
-18.270000000000003,0.39381438
-18.28,0.39380425
-18.290000000000003,0.39379412
-18.3,0.393784
-18.310000000000002,0.39377385
-18.32,0.39376372
-18.330000000000002,0.3937536
-18.340000000000003,0.39374346
-18.35,0.39373332
-18.360000000000003,0.3937232
-18.37,0.39371306
-18.380000000000003,0.39370292
-18.39,0.3936928
-18.400000000000002,0.39368266
-18.410000000000004,0.39367253
-18.42,0.3936624
-18.430000000000003,0.3936523
-18.44,0.39364213
-18.450000000000003,0.393632
-18.46,0.39362192
-18.470000000000002,0.39361176
-18.48,0.39360166
-18.490000000000002,0.3935915
-18.500000000000004,0.3935814
-18.51,0.39357126
-18.520000000000003,0.39356112
-18.53,0.393551
-18.540000000000003,0.39354086
-18.55,0.39353076
-18.560000000000002,0.3935206
-18.57,0.3935105
-18.580000000000002,0.39350033
-18.590000000000003,0.39349023
-18.6,0.39348006
-18.610000000000003,0.39346996
-18.62,0.3934598
-18.630000000000003,0.39344972
-18.64,0.3934396
-18.650000000000002,0.39342946
-18.660000000000004,0.39341933
-18.67,0.3934092
-18.680000000000003,0.39339906
-18.69,0.39338893
-18.700000000000003,0.3933788
-18.71,0.39336866
-18.720000000000002,0.39335853
-18.73,0.39334846
-18.740000000000002,0.39333832
-18.750000000000004,0.3933282
-18.76,0.39331806
-18.770000000000003,0.3933079
-18.78,0.3932978
-18.790000000000003,0.39328763
-18.8,0.39327753
-18.810000000000002,0.3932674
-18.82,0.39325726
-18.830000000000002,0.39324713
-18.840000000000003,0.393237
-18.85,0.39322692
-18.860000000000003,0.39321676
-18.87,0.39320666
-18.880000000000003,0.3931965
-18.89,0.39318636
-18.900000000000002,0.39317626
-18.910000000000004,0.39316612
-18.92,0.393156
-18.930000000000003,0.39314586
-18.94,0.39313573
-18.950000000000003,0.3931256
-18.96,0.3931155
-18.970000000000002,0.3931054
-18.98,0.39309525
-18.990000000000002,0.39308512
-19.000000000000004,0.393075
-19.01,0.39306486
-19.020000000000003,0.39305475
-19.03,0.3930446
-19.040000000000003,0.3930345
-19.05,0.39302433
-19.060000000000002,0.39301425
-19.07,0.3930041
-19.080000000000002,0.39299396
-19.090000000000003,0.39298385
-19.1,0.39297372
-19.110000000000003,0.3929636
-19.12,0.3929535
-19.130000000000003,0.39294335
-19.14,0.39293325
-19.150000000000002,0.39292312
-19.160000000000004,0.39291298
-19.17,0.39290285
-19.180000000000003,0.39289275
-19.19,0.3928826
-19.200000000000003,0.39287248
-19.21,0.39286238
-19.220000000000002,0.39285225
-19.23,0.3928421
-19.240000000000002,0.39283198
-19.250000000000004,0.39282185
-19.26,0.39281175
-19.270000000000003,0.3928016
-19.28,0.3927915
-19.290000000000003,0.39278138
-19.3,0.39277124
-19.310000000000002,0.3927611
-19.32,0.392751
-19.330000000000002,0.3927409
-19.340000000000003,0.39273077
-19.35,0.39272064
-19.360000000000003,0.3927105
-19.37,0.39270037
-19.380000000000003,0.39269024
-19.39,0.39268017
-19.400000000000002,0.39267
-19.410000000000004,0.3926599
-19.42,0.39264977
-19.430000000000003,0.39263964
-19.44,0.39262956
-19.450000000000003,0.39261943
-19.46,0.3926093
-19.470000000000002,0.3925992
-19.48,0.39258906
-19.490000000000002,0.39257893
-19.500000000000004,0.39256883
-19.51,0.3925587
-19.520000000000003,0.39254856
-19.53,0.39253846
-19.540000000000003,0.39252836
-19.55,0.39251822
-19.560000000000002,0.39250812
-19.57,0.392498
-19.580000000000002,0.39248788
-19.590000000000003,0.39247775
-19.6,0.39246762
-19.610000000000003,0.3924575
-19.62,0.3924474
-19.630000000000003,0.39243728
-19.64,0.39242715
-19.650000000000002,0.39241704
-19.660000000000004,0.39240694
-19.67,0.3923968
-19.680000000000003,0.39238667
-19.69,0.39237654
-19.700000000000003,0.39236647
-19.71,0.39235634
-19.720000000000002,0.3923462
-19.73,0.39233607
-19.740000000000002,0.392326
-19.750000000000004,0.39231586
-19.76,0.39230573
-19.770000000000003,0.3922956
-19.78,0.3922855
-19.790000000000003,0.3922754
-19.8,0.39226526
-19.810000000000002,0.39225516
-19.82,0.39224505
-19.830000000000002,0.39223495
-19.840000000000003,0.39222482
-19.85,0.3922147
-19.860000000000003,0.39220458
-19.87,0.39219448
-19.880000000000003,0.39218438
-19.89,0.39217424
-19.900000000000002,0.3921641
-19.910000000000004,0.39215404
-19.92,0.39214393
-19.930000000000003,0.3921338
-19.94,0.3921237
-19.950000000000003,0.39211357
-19.96,0.3921035
-19.970000000000002,0.39209336
-19.98,0.39208323
-19.990000000000002,0.3920731
-20.000000000000004,0.39206302
-20.01,0.39205292
-20.020000000000003,0.39204276
-20.03,0.39203268
-20.040000000000003,0.39202255
-20.05,0.39201242
-20.060000000000002,0.39200234
-20.07,0.3919922
-20.080000000000002,0.39198214
-20.090000000000003,0.391972
-20.1,0.3919619
-20.110000000000003,0.39195177
-20.12,0.39194167
-20.130000000000003,0.3919316
-20.14,0.39192146
-20.150000000000002,0.39191133
-20.160000000000004,0.39190125
-20.17,0.39189115
-20.180000000000003,0.391881
-20.19,0.39187092
-20.200000000000003,0.39186078
-20.21,0.39185068
-20.220000000000002,0.39184058
-20.23,0.3918305
-20.240000000000002,0.39182037
-20.250000000000004,0.3918103
-20.26,0.39180017
-20.270000000000003,0.39179006
-20.28,0.39177996
-20.290000000000003,0.39176983
-20.3,0.39175975
-20.310000000000002,0.39174965
-20.32,0.39173955
-20.330000000000002,0.3917294
-20.340000000000003,0.3917193
-20.35,0.3917092
-20.360000000000003,0.39169914
-20.37,0.391689
-20.380000000000003,0.39167893
-20.39,0.3916688
-20.400000000000002,0.3916587
-20.410000000000004,0.39164862
-20.42,0.39163852
-20.430000000000003,0.39162838
-20.44,0.39161828
-20.450000000000003,0.39160818
-20.46,0.3915981
-20.470000000000002,0.39158797
-20.48,0.3915779
-20.490000000000002,0.39156777
-20.500000000000004,0.3915577
-20.51,0.39154756
-20.520000000000003,0.39153746
-20.53,0.39152735
-20.540000000000003,0.39151728
-20.55,0.39150715
-20.560000000000002,0.39149708
-20.57,0.39148697
-20.580000000000002,0.39147687
-20.590000000000003,0.3914668
-20.6,0.39145666
-20.610000000000003,0.39144656
-20.62,0.39143646
-20.630000000000003,0.39142638
-20.64,0.39141625
-20.650000000000002,0.39140618
-20.660000000000004,0.39139608
-20.67,0.39138597
-20.680000000000003,0.3913759
-20.69,0.39136577
-20.700000000000003,0.3913557
-20.71,0.39134562
-20.720000000000002,0.3913355
-20.73,0.3913254
-20.740000000000002,0.3913153
-20.750000000000004,0.39130524
-20.76,0.39129514
-20.770000000000003,0.391285
-20.78,0.39127496
-20.790000000000003,0.39126486
-20.8,0.39125472
-20.810000000000002,0.39124465
-20.82,0.39123455
-20.830000000000002,0.39122444
-20.840000000000003,0.39121437
-20.85,0.3912043
-20.860000000000003,0.39119416
-20.87,0.3911841
-20.880000000000003,0.39117402
-20.89,0.39116392
-20.900000000000002,0.39115384
-20.910000000000004,0.39114374
-20.92,0.39113364
-20.930000000000003,0.39112356
-20.94,0.39111343
-20.950000000000003,0.39110336
-20.96,0.39109325
-20.970000000000002,0.39108318
-20.98,0.3910731
-20.990000000000002,0.39106297
-21.000000000000004,0.3910529
-21.01,0.39104283
-21.020000000000003,0.39103276
-21.03,0.39102268
-21.040000000000003,0.39101255
-21.05,0.39100248
-21.060000000000002,0.3909924
-21.07,0.39098227
-21.080000000000002,0.3909722
-21.090000000000003,0.39096212
-21.1,0.39095205
-21.110000000000003,0.39094198
-21.12,0.39093184
-21.130000000000003,0.39092177
-21.14,0.3909117
-21.150000000000002,0.39090163
-21.160000000000004,0.39089152
-21.17,0.39088148
-21.180000000000003,0.39087135
-21.19,0.3908613
-21.200000000000003,0.3908512
-21.21,0.39084113
-21.220000000000002,0.39083102
-21.23,0.39082098
-21.240000000000002,0.3908109
-21.250000000000004,0.3908008
-21.26,0.3907907
-21.270000000000003,0.39078063
-21.28,0.39077055
-21.290000000000003,0.39076048
-21.3,0.3907504
-21.310000000000002,0.39074033
-21.32,0.3907302
-21.330000000000002,0.39072013
-21.340000000000003,0.39071006
-21.35,0.39069998
-21.360000000000003,0.3906899
-21.37,0.39067984
-21.380000000000003,0.39066976
-21.39,0.3906597
-21.400000000000002,0.39064962
-21.410000000000004,0.39063954
-21.42,0.39062947
-21.430000000000003,0.3906194
-21.44,0.39060932
-21.450000000000003,0.39059925
-21.46,0.39058918
-21.470000000000002,0.3905791
-21.48,0.390569
-21.490000000000002,0.39055893
-21.500000000000004,0.39054888
-21.51,0.39053878
-21.520000000000003,0.3905287
-21.53,0.39051867
-21.540000000000003,0.39050856
-21.55,0.3904985
-21.560000000000002,0.39048845
-21.57,0.39047837
-21.580000000000002,0.3904683
-21.590000000000003,0.3904582
-21.6,0.39044815
-21.610000000000003,0.39043808
-21.62,0.390428
-21.630000000000003,0.39041793
-21.64,0.39040786
-21.650000000000002,0.3903978
-21.660000000000004,0.3903877
-21.67,0.39037764
-21.680000000000003,0.39036763
-21.69,0.39035752
-21.700000000000003,0.39034742
-21.71,0.3903374
-21.720000000000002,0.3903273
-21.73,0.39031726
-21.740000000000002,0.3903072
-21.750000000000004,0.3902971
-21.76,0.39028707
-21.770000000000003,0.390277
-21.78,0.39026693
-21.790000000000003,0.39025688
-21.8,0.3902468
-21.810000000000002,0.39023674
-21.82,0.39022666
-21.830000000000002,0.3902166
-21.840000000000003,0.39020652
-21.85,0.39019647
-21.860000000000003,0.3901864
-21.87,0.39017636
-21.880000000000003,0.39016628
-21.89,0.39015624
-21.900000000000002,0.3901462
-21.910000000000004,0.39013612
-21.92,0.39012605
-21.930000000000003,0.39011598
-21.94,0.39010593
-21.950000000000003,0.3900959
-21.96,0.39008582
-21.970000000000002,0.3900758
-21.98,0.39006573
-21.990000000000002,0.39005566
-22.000000000000004,0.3900456
-22.01,0.39003557
-22.020000000000003,0.3900255
-22.03,0.39001542
-22.040000000000003,0.39000535
-22.05,0.38999528
-22.060000000000002,0.38998526
-22.07,0.3899752
-22.080000000000002,0.38996515
-22.090000000000003,0.3899551
-22.1,0.38994503
-22.110000000000003,0.38993496
-22.12,0.38992494
-22.130000000000003,0.38991487
-22.14,0.38990486
-22.150000000000002,0.38989478
-22.160000000000004,0.3898847
-22.17,0.38987467
-22.180000000000003,0.38986462
-22.19,0.38985455
-22.200000000000003,0.38984454
-22.21,0.3898345
-22.220000000000002,0.38982445
-22.23,0.38981438
-22.240000000000002,0.38980433
-22.250000000000004,0.3897943
-22.26,0.38978422
-22.270000000000003,0.3897742
-22.28,0.38976413
-22.290000000000003,0.38975412
-22.3,0.38974407
-22.310000000000002,0.389734
-22.32,0.38972396
-22.330000000000002,0.38971394
-22.340000000000003,0.38970387
-22.35,0.38969386
-22.360000000000003,0.38968378
-22.37,0.38967377
-22.380000000000003,0.3896637
-22.39,0.38965368
-22.400000000000002,0.3896436
-22.410000000000004,0.3896336
-22.42,0.38962352
-22.430000000000003,0.3896135
-22.44,0.38960347
-22.450000000000003,0.38959342
-22.46,0.38958338
-22.470000000000002,0.38957334
-22.48,0.38956332
-22.490000000000002,0.38955325
-22.500000000000004,0.38954324
-22.51,0.38953316
-22.520000000000003,0.38952315
-22.53,0.3895131
-22.540000000000003,0.38950306
-22.55,0.38949302
-22.560000000000002,0.389483
-22.57,0.38947296
-22.580000000000002,0.38946295
-22.590000000000003,0.3894529
-22.6,0.38944286
-22.610000000000003,0.3894328
-22.62,0.38942277
-22.630000000000003,0.38941276
-22.64,0.38940275
-22.650000000000002,0.38939267
-22.660000000000004,0.38938266
-22.67,0.38937262
-22.680000000000003,0.38936257
-22.69,0.38935256
-22.700000000000003,0.38934255
-22.71,0.3893325
-22.720000000000002,0.38932246
-22.73,0.38931245
-22.740000000000002,0.38930243
-22.750000000000004,0.3892924
-22.76,0.38928235
-22.770000000000003,0.38927233
-22.78,0.3892623
-22.790000000000003,0.38925225
-22.8,0.38924226
-22.810000000000002,0.38923222
-22.82,0.3892222
-22.830000000000002,0.3892122
-22.840000000000003,0.38920218
-22.85,0.3891921
-22.860000000000003,0.3891821
-22.87,0.38917208
-22.880000000000003,0.38916206
-22.89,0.38915202
-22.900000000000002,0.389142
-22.910000000000004,0.38913196
-22.92,0.38912198
-22.930000000000003,0.38911194
-22.94,0.38910192
-22.950000000000003,0.3890919
-22.96,0.3890819
-22.970000000000002,0.38907188
-22.98,0.38906187
-22.990000000000002,0.38905185
-23.000000000000004,0.3890418
-23.01,0.3890318
-23.020000000000003,0.3890218
-23.03,0.38901177
-23.040000000000003,0.38900173
-23.05,0.38899174
-23.060000000000002,0.3889817
-23.07,0.38897172
-23.080000000000002,0.3889617
-23.090000000000003,0.38895166
-23.1,0.38894165
-23.110000000000003,0.38893166
-23.12,0.38892162
-23.130000000000003,0.3889116
-23.14,0.38890162
-23.150000000000002,0.38889158
-23.160000000000004,0.3888816
-23.17,0.38887158
-23.180000000000003,0.3888616
-23.19,0.38885155
-23.200000000000003,0.38884154
-23.21,0.38883156
-23.220000000000002,0.3888215
-23.23,0.38881153
-23.240000000000002,0.38880152
-23.250000000000004,0.3887915
-23.26,0.3887815
-23.270000000000003,0.3887715
-23.28,0.3887615
-23.290000000000003,0.3887515
-23.3,0.3887415
-23.310000000000002,0.38873148
-23.32,0.38872147
-23.330000000000002,0.38871148
-23.340000000000003,0.38870147
-23.35,0.38869148
-23.360000000000003,0.38868147
-23.37,0.38867146
-23.380000000000003,0.38866144
-23.39,0.38865143
-23.400000000000002,0.38864148
-23.410000000000004,0.38863146
-23.42,0.38862145
-23.430000000000003,0.38861147
-23.44,0.38860145
-23.450000000000003,0.38859147
-23.46,0.38858145
-23.470000000000002,0.38857144
-23.48,0.38856146
-23.490000000000002,0.38855147
-23.500000000000004,0.38854146
-23.51,0.3885315
-23.520000000000003,0.3885215
-23.53,0.38851148
-23.540000000000003,0.38850147
-23.55,0.3884915
-23.560000000000002,0.3884815
-23.57,0.38847154
-23.580000000000002,0.38846153
-23.590000000000003,0.38845152
-23.6,0.38844156
-23.610000000000003,0.38843155
-23.62,0.38842157
-23.630000000000003,0.38841158
-23.64,0.38840157
-23.650000000000002,0.3883916
-23.660000000000004,0.3883816
-23.67,0.3883716
-23.680000000000003,0.38836163
-23.69,0.38835165
-23.700000000000003,0.38834167
-23.71,0.38833165
-23.720000000000002,0.3883217
-23.73,0.38831168
-23.740000000000002,0.3883017
-23.750000000000004,0.38829172
-23.76,0.38828173
-23.770000000000003,0.38827175
-23.78,0.3882618
-23.790000000000003,0.3882518
-23.8,0.3882418
-23.810000000000002,0.3882318
-23.82,0.38822183
-23.830000000000002,0.38821185
-23.840000000000003,0.3882019
-23.85,0.38819188
-23.860000000000003,0.38818192
-23.87,0.38817194
-23.880000000000003,0.38816196
-23.89,0.388152
-23.900000000000002,0.38814202
-23.910000000000004,0.38813204
-23.92,0.38812208
-23.930000000000003,0.3881121
-23.94,0.3881021
-23.950000000000003,0.38809216
-23.96,0.38808218
-23.970000000000002,0.3880722
-23.98,0.3880622
-23.990000000000002,0.38805223
-24.000000000000004,0.3880423
-24.01,0.3880323
-24.020000000000003,0.38802233
-24.03,0.38801232
-24.040000000000003,0.3880024
-24.05,0.3879924
-24.060000000000002,0.38798243
-24.070000000000004,0.38797247
-24.080000000000002,0.38796252
-24.090000000000003,0.38795254
-24.1,0.38794258
-24.110000000000003,0.3879326
-24.12,0.38792264
-24.130000000000003,0.3879127
-24.14,0.3879027
-24.150000000000002,0.38789275
-24.160000000000004,0.3878828
-24.17,0.38787282
-24.180000000000003,0.38786286
-24.19,0.3878529
-24.200000000000003,0.38784292
-24.21,0.38783294
-24.220000000000002,0.387823
-24.23,0.38781303
-24.240000000000002,0.38780308
-24.250000000000004,0.38779312
-24.26,0.38778314
-24.270000000000003,0.3877732
-24.28,0.38776323
-24.290000000000003,0.3877533
-24.3,0.38774335
-24.310000000000002,0.38773337
-24.320000000000004,0.38772342
-24.330000000000002,0.38771343
-24.340000000000003,0.38770354
-24.35,0.38769352
-24.360000000000003,0.38768357
-24.37,0.38767365
-24.380000000000003,0.38766366
-24.39,0.3876537
-24.400000000000002,0.38764378
-24.410000000000004,0.3876338
-24.42,0.38762385
-24.430000000000003,0.38761392
-24.44,0.38760394
-24.450000000000003,0.38759404
-24.46,0.3875841
-24.470000000000002,0.38757414
-24.48,0.38756418
-24.490000000000002,0.38755423
-24.500000000000004,0.38754427
-24.51,0.38753432
-24.520000000000003,0.38752437
-24.53,0.38751444
-24.540000000000003,0.38750452
-24.55,0.38749456
-24.560000000000002,0.3874846
-24.570000000000004,0.38747466
-24.580000000000002,0.38746473
-24.590000000000003,0.38745478
-24.6,0.38744485
-24.610000000000003,0.3874349
-24.62,0.38742495
-24.630000000000003,0.38741505
-24.64,0.3874051
-24.650000000000002,0.38739514
-24.660000000000004,0.3873852
-24.67,0.38737524
-24.680000000000003,0.3873653
-24.69,0.3873554
-24.700000000000003,0.38734543
-24.71,0.3873355
-24.720000000000002,0.38732558
-24.73,0.38731563
-24.740000000000002,0.38730568
-24.750000000000004,0.38729578
-24.76,0.38728583
-24.770000000000003,0.3872759
-24.78,0.38726598
-24.790000000000003,0.38725606
-24.8,0.38724613
-24.810000000000002,0.38723618
-24.820000000000004,0.38722622
-24.830000000000002,0.38721633
-24.840000000000003,0.38720638
-24.85,0.38719645
-24.860000000000003,0.38718653
-24.87,0.3871766
-24.880000000000003,0.38716665
-24.89,0.38715672
-24.900000000000002,0.38714683
-24.910000000000004,0.3871369
-24.92,0.38712698
-24.930000000000003,0.38711703
-24.94,0.38710713
-24.950000000000003,0.38709718
-24.96,0.3870873
-24.970000000000002,0.38707733
-24.98,0.38706744
-24.990000000000002,0.38705748
-25.000000000000004,0.3870476
-25.01,0.38703766
-25.020000000000003,0.38702774
-25.03,0.38701782
-25.040000000000003,0.3870079
-25.05,0.386998
-25.060000000000002,0.38698807
-25.070000000000004,0.38697815
-25.080000000000002,0.38696826
-25.090000000000003,0.3869583
-25.1,0.3869484
-25.110000000000003,0.38693845
-25.12,0.38692856
-25.130000000000003,0.38691866
-25.14,0.38690874
-25.150000000000002,0.38689885
-25.160000000000004,0.38688892
-25.17,0.386879
-25.180000000000003,0.3868691
-25.19,0.38685918
-25.200000000000003,0.38684928
-25.21,0.38683936
-25.220000000000002,0.38682947
-25.23,0.38681954
-25.240000000000002,0.38680965
-25.250000000000004,0.38679975
-25.26,0.3867898
-25.270000000000003,0.3867799
-25.28,0.38677
-25.290000000000003,0.38676012
-25.3,0.38675022
-25.310000000000002,0.38674033
-25.320000000000004,0.3867304
-25.330000000000002,0.38672048
-25.340000000000003,0.38671058
-25.35,0.3867007
-25.360000000000003,0.3866908
-25.37,0.3866809
-25.380000000000003,0.386671
-25.39,0.38666108
-25.400000000000002,0.3866512
-25.410000000000004,0.38664126
-25.42,0.38663137
-25.430000000000003,0.38662148
-25.44,0.38661158
-25.450000000000003,0.3866017
-25.46,0.3865918
-25.470000000000002,0.3865819
-25.48,0.386572
-25.490000000000002,0.3865621
-25.500000000000004,0.3865522
-25.51,0.38654232
-25.520000000000003,0.38653243
-25.53,0.38652253
-25.540000000000003,0.38651264
-25.55,0.38650277
-25.560000000000002,0.38649285
-25.570000000000004,0.386483
-25.580000000000002,0.3864731
-25.590000000000003,0.3864632
-25.6,0.38645333
-25.610000000000003,0.38644344
-25.62,0.38643354
-25.630000000000003,0.38642365
-25.64,0.38641378
-25.650000000000002,0.38640392
-25.660000000000004,0.386394
-25.67,0.38638413
-25.680000000000003,0.38637424
-25.69,0.38636437
-25.700000000000003,0.38635448
-25.71,0.3863446
-25.720000000000002,0.38633472
-25.73,0.38632482
-25.740000000000002,0.38631496
-25.750000000000004,0.38630506
-25.76,0.3862952
-25.770000000000003,0.3862853
-25.78,0.38627544
-25.790000000000003,0.38626555
-25.8,0.38625568
-25.810000000000002,0.3862458
-25.820000000000004,0.3862359
-25.830000000000002,0.38622606
-25.840000000000003,0.38621616
-25.85,0.38620633
-25.860000000000003,0.38619643
-25.87,0.38618657
-25.880000000000003,0.3861767
-25.89,0.3861668
-25.900000000000002,0.38615698
-25.910000000000004,0.38614708
-25.92,0.38613725
-25.930000000000003,0.38612735
-25.94,0.3861175
-25.950000000000003,0.38610762
-25.96,0.38609773
-25.970000000000002,0.3860879
-25.98,0.38607803
-25.990000000000002,0.38606817
-26.000000000000004,0.38605827
-26.01,0.38604844
-26.020000000000003,0.38603854
-26.03,0.38602868
-26.040000000000003,0.3860188
-26.05,0.38600895
-26.060000000000002,0.3859991
-26.070000000000004,0.38598925
-26.080000000000002,0.38597935
-26.090000000000003,0.38596952
-26.1,0.38595968
-26.110000000000003,0.3859498
-26.12,0.38593993
-26.130000000000003,0.3859301
-26.14,0.38592023
-26.150000000000002,0.3859104
-26.160000000000004,0.3859005
-26.17,0.38589066
-26.180000000000003,0.38588083
-26.19,0.38587093
-26.200000000000003,0.38586113
-26.21,0.3858513
-26.220000000000002,0.38584143
-26.23,0.3858316
-26.240000000000002,0.3858217
-26.250000000000004,0.38581187
-26.26,0.385802
-26.270000000000003,0.38579217
-26.28,0.3857823
-26.290000000000003,0.38577247
-26.3,0.38576263
-26.310000000000002,0.38575274
-26.320000000000004,0.3857429
-26.330000000000002,0.38573307
-26.340000000000003,0.38572323
-26.35,0.38571337
-26.360000000000003,0.38570356
-26.37,0.38569373
-26.380000000000003,0.3856839
-26.39,0.38567403
-26.400000000000002,0.38566417
-26.410000000000004,0.38565436
-26.42,0.3856445
-26.430000000000003,0.38563466
-26.44,0.38562483
-26.450000000000003,0.385615
-26.46,0.38560516
-26.470000000000002,0.38559532
-26.48,0.3855855
-26.490000000000002,0.38557565
-26.500000000000004,0.38556582
-26.51,0.38555598
-26.520000000000003,0.38554615
-26.53,0.3855363
-26.540000000000003,0.38552648
-26.55,0.38551664
-26.560000000000002,0.38550684
-26.570000000000004,0.38549697
-26.580000000000002,0.38548714
-26.590000000000003,0.38547736
-26.6,0.3854675
-26.610000000000003,0.38545766
-26.62,0.38544786
-26.630000000000003,0.38543802
-26.64,0.3854282
-26.650000000000002,0.3854184
-26.660000000000004,0.38540855
-26.67,0.38539875
-26.680000000000003,0.38538888
-26.69,0.38537908
-26.700000000000003,0.38536924
-26.71,0.3853594
-26.720000000000002,0.3853496
-26.73,0.3853398
-26.740000000000002,0.38532996
-26.750000000000004,0.38532013
-26.76,0.3853103
-26.770000000000003,0.38530052
-26.78,0.38529068
-26.790000000000003,0.38528085
-26.8,0.38527104
-26.810000000000002,0.38526124
-26.820000000000004,0.38525146
-26.830000000000002,0.38524163
-26.840000000000003,0.3852318
-26.85,0.385222
-26.860000000000003,0.38521218
-26.87,0.38520238
-26.880000000000003,0.38519257
-26.89,0.38518274
-26.900000000000002,0.3851729
-26.910000000000004,0.38516313
-26.92,0.3851533
-26.930000000000003,0.3851435
-26.94,0.38513368
-26.950000000000003,0.38512388
-26.96,0.3851141
-26.970000000000002,0.38510427
-26.98,0.38509446
-26.990000000000002,0.3850847
-27.000000000000004,0.38507485
-27.01,0.38506508
-27.020000000000003,0.38505524
-27.03,0.38504547
-27.040000000000003,0.38503563
-27.05,0.38502586
-27.060000000000002,0.38501608
-27.070000000000004,0.38500625
-27.080000000000002,0.38499647
-27.090000000000003,0.38498667
-27.1,0.38497686
-27.110000000000003,0.3849671
-27.12,0.38495728
-27.130000000000003,0.38494748
-27.14,0.38493767
-27.150000000000002,0.3849279
-27.160000000000004,0.3849181
-27.17,0.3849083
-27.180000000000003,0.38489854
-27.19,0.3848887
-27.200000000000003,0.38487893
-27.21,0.38486916
-27.220000000000002,0.38485935
-27.23,0.38484955
-27.240000000000002,0.38483977
-27.250000000000004,0.38483
-27.26,0.38482022
-27.270000000000003,0.3848104
-27.28,0.3848006
-27.290000000000003,0.38479084
-27.3,0.38478106
-27.310000000000002,0.38477126
-27.320000000000004,0.38476145
-27.330000000000002,0.38475168
-27.340000000000003,0.3847419
-27.35,0.38473213
-27.360000000000003,0.38472235
-27.37,0.38471258
-27.380000000000003,0.3847028
-27.39,0.38469303
-27.400000000000002,0.38468325
-27.410000000000004,0.38467345
-27.42,0.3846637
-27.430000000000003,0.3846539
-27.44,0.38464415
-27.450000000000003,0.38463438
-27.46,0.3846246
-27.470000000000002,0.38461483
-27.48,0.38460505
-27.490000000000002,0.38459527
-27.500000000000004,0.3845855
-27.51,0.38457572
-27.520000000000003,0.38456595
-27.53,0.38455617
-27.540000000000003,0.3845464
-27.55,0.38453665
-27.560000000000002,0.38452685
-27.570000000000004,0.38451713
-27.580000000000002,0.38450736
-27.590000000000003,0.38449758
-27.6,0.3844878
-27.610000000000003,0.38447803
-27.62,0.3844683
-27.630000000000003,0.38445854
-27.64,0.38444877
-27.650000000000002,0.384439
-27.660000000000004,0.38442925
-27.67,0.3844195
-27.680000000000003,0.38440973
-27.69,0.38439995
-27.700000000000003,0.3843902
-27.71,0.38438046
-27.720000000000002,0.38437068
-27.73,0.3843609
-27.740000000000002,0.3843512
-27.750000000000004,0.38434142
-27.76,0.3843317
-27.770000000000003,0.3843219
-27.78,0.38431215
-27.790000000000003,0.38430238
-27.8,0.38429266
-27.810000000000002,0.3842829
-27.820000000000004,0.3842731
-27.830000000000002,0.38426343
-27.840000000000003,0.38425368
-27.85,0.3842439
-27.860000000000003,0.38423416
-27.87,0.3842244
-27.880000000000003,0.38421464
-27.89,0.38420492
-27.900000000000002,0.3841952
-27.910000000000004,0.38418543
-27.92,0.3841757
-27.930000000000003,0.38416594
-27.94,0.38415623
-27.950000000000003,0.38414645
-27.96,0.38413674
-27.970000000000002,0.38412696
-27.98,0.38411725
-27.990000000000002,0.38410747
-28.000000000000004,0.38409775
-28.01,0.38408804
-28.020000000000003,0.38407826
-28.03,0.38406855
-28.040000000000003,0.38405877
-28.05,0.38404906
-28.060000000000002,0.38403934
-28.070000000000004,0.38402957
-28.080000000000002,0.38401988
-28.090000000000003,0.38401014
-28.1,0.38400042
-28.110000000000003,0.38399065
-28.12,0.38398093
-28.130000000000003,0.3839712
-28.14,0.3839615
-28.150000000000002,0.38395172
-28.160000000000004,0.38394207
-28.17,0.3839323
-28.180000000000003,0.38392258
-28.19,0.38391286
-28.200000000000003,0.38390315
-28.21,0.3838934
-28.220000000000002,0.38388366
-28.23,0.38387394
-28.240000000000002,0.38386422
-28.250000000000004,0.3838545
-28.26,0.3838448
-28.270000000000003,0.38383508
-28.28,0.38382536
-28.290000000000003,0.3838156
-28.3,0.3838059
-28.310000000000002,0.38379622
-28.320000000000004,0.38378644
-28.330000000000002,0.38377672
-28.340000000000003,0.38376707
-28.35,0.3837573
-28.360000000000003,0.3837476
-28.37,0.3837379
-28.380000000000003,0.38372815
-28.39,0.3837185
-28.400000000000002,0.38370878
-28.410000000000004,0.38369906
-28.42,0.38368934
-28.430000000000003,0.38367963
-28.44,0.3836699
-28.450000000000003,0.3836602
-28.46,0.3836505
-28.470000000000002,0.3836408
-28.48,0.38363105
-28.490000000000002,0.3836214
-28.500000000000004,0.38361168
-28.51,0.38360196
-28.520000000000003,0.38359225
-28.53,0.38358256
-28.540000000000003,0.38357288
-28.55,0.38356316
-28.560000000000002,0.38355345
-28.570000000000004,0.3835438
-28.580000000000002,0.38353407
-28.590000000000003,0.38352436
-28.6,0.38351464
-28.610000000000003,0.383505
-28.62,0.38349527
-28.630000000000003,0.38348556
-28.64,0.3834759
-28.650000000000002,0.38346618
-28.660000000000004,0.38345647
-28.67,0.3834468
-28.680000000000003,0.3834371
-28.69,0.38342744
-28.700000000000003,0.38341773
-28.71,0.383408
-28.720000000000002,0.38339835
-28.73,0.3833887
-28.740000000000002,0.38337898
-28.750000000000004,0.38336927
-28.76,0.38335955
-28.770000000000003,0.3833499
-28.78,0.3833402
-28.790000000000003,0.38333052
-28.8,0.38332087
-28.810000000000002,0.38331115
-28.820000000000004,0.38330147
-28.830000000000002,0.3832918
-28.840000000000003,0.38328212
-28.85,0.38327247
-28.860000000000003,0.38326275
-28.87,0.3832531
-28.880000000000003,0.3832434
-28.89,0.38323373
-28.900000000000002,0.38322407
-28.910000000000004,0.38321435
-28.92,0.3832047
-28.930000000000003,0.38319498
-28.94,0.38318533
-28.950000000000003,0.38317567
-28.96,0.383166
-28.970000000000002,0.38315633
-28.98,0.38314664
-28.990000000000002,0.383137
-29.000000000000004,0.3831273
-29.01,0.38311765
-29.020000000000003,0.38310796
-29.03,0.3830983
-29.040000000000003,0.38308865
-29.05,0.38307896
-29.060000000000002,0.38306934
-29.070000000000004,0.38305962
-29.080000000000002,0.38304996
-29.090000000000003,0.3830403
-29.1,0.38303065
-29.110000000000003,0.383021
-29.12,0.38301134
-29.130000000000003,0.3830017
-29.14,0.38299203
-29.150000000000002,0.38298237
-29.160000000000004,0.3829727
-29.17,0.38296303
-29.180000000000003,0.38295335
-29.19,0.3829437
-29.200000000000003,0.38293403
-29.21,0.38292438
-29.220000000000002,0.38291478
-29.23,0.38290513
-29.240000000000002,0.38289544
-29.250000000000004,0.3828858
-29.26,0.38287616
-29.270000000000003,0.3828665
-29.28,0.38285685
-29.290000000000003,0.3828472
-29.3,0.38283753
-29.310000000000002,0.38282788
-29.320000000000004,0.38281828
-29.330000000000002,0.3828086
-29.340000000000003,0.38279897
-29.35,0.3827893
-29.360000000000003,0.38277966
-29.37,0.38277
-29.380000000000003,0.3827604
-29.39,0.38275075
-29.400000000000002,0.38274106
-29.410000000000004,0.38273144
-29.42,0.3827218
-29.430000000000003,0.38271216
-29.44,0.38270253
-29.450000000000003,0.38269287
-29.46,0.38268325
-29.470000000000002,0.3826736
-29.48,0.38266397
-29.490000000000002,0.3826543
-29.500000000000004,0.3826447
-29.51,0.38263506
-29.520000000000003,0.38262546
-29.53,0.3826158
-29.540000000000003,0.38260618
-29.55,0.38259655
-29.560000000000002,0.3825869
-29.570000000000004,0.3825773
-29.580000000000002,0.38256764
-29.590000000000003,0.38255805
-29.6,0.3825484
-29.610000000000003,0.3825388
-29.62,0.38252914
-29.630000000000003,0.3825195
-29.64,0.38250992
-29.650000000000002,0.3825003
-29.660000000000004,0.38249063
-29.67,0.38248104
-29.680000000000003,0.38247138
-29.69,0.3824618
-29.700000000000003,0.3824522
-29.71,0.38244253
-29.720000000000002,0.38243294
-29.73,0.3824233
-29.740000000000002,0.3824137
-29.750000000000004,0.3824041
-29.76,0.38239443
-29.770000000000003,0.38238484
-29.78,0.38237524
-29.790000000000003,0.3823656
-29.8,0.382356
-29.810000000000002,0.3823464
-29.820000000000004,0.38233677
-29.830000000000002,0.38232717
-29.840000000000003,0.38231754
-29.85,0.38230795
-29.860000000000003,0.38229832
-29.87,0.38228872
-29.880000000000003,0.3822791
-29.89,0.3822695
-29.900000000000002,0.3822599
-29.910000000000004,0.3822503
-29.92,0.3822407
-29.930000000000003,0.3822311
-29.94,0.3822215
-29.950000000000003,0.38221186
-29.96,0.3822023
-29.970000000000002,0.3821927
-29.98,0.38218307
-29.990000000000002,0.38217348
-30.000000000000004,0.38216388
-30.01,0.3821543
-30.020000000000003,0.3821447
-30.03,0.3821351
-30.040000000000003,0.38212553
-30.05,0.38211593
-30.060000000000002,0.3821063
-30.070000000000004,0.3820967
-30.080000000000002,0.3820871
-30.090000000000003,0.38207752
-30.1,0.38206792
-30.110000000000003,0.38205835
-30.12,0.38204876
-30.130000000000003,0.38203916
-30.14,0.3820296
-30.150000000000002,0.38202
-30.160000000000004,0.3820104
-30.17,0.3820008
-30.180000000000003,0.38199124
-30.19,0.38198164
-30.200000000000003,0.38197204
-30.21,0.38196248
-30.220000000000002,0.3819529
-30.23,0.38194332
-30.240000000000002,0.38193375
-30.250000000000004,0.38192415
-30.26,0.38191456
-30.270000000000003,0.38190496
-30.28,0.38189542
-30.290000000000003,0.38188583
-30.3,0.38187626
-30.310000000000002,0.3818667
-30.320000000000004,0.38185713
-30.330000000000002,0.38184756
-30.340000000000003,0.38183796
-30.35,0.3818284
-30.360000000000003,0.38181883
-30.37,0.38180923
-30.380000000000003,0.38179967
-30.39,0.3817901
-30.400000000000002,0.38178053
-30.410000000000004,0.38177097
-30.42,0.38176143
-30.430000000000003,0.38175184
-30.44,0.38174227
-30.450000000000003,0.3817327
-30.46,0.38172314
-30.470000000000002,0.38171357
-30.48,0.381704
-30.490000000000002,0.3816944
-30.500000000000004,0.38168487
-30.51,0.3816753
-30.520000000000003,0.38166577
-30.53,0.38165617
-30.540000000000003,0.38164663
-30.55,0.3816371
-30.560000000000002,0.38162753
-30.570000000000004,0.38161796
-30.580000000000002,0.3816084
-30.590000000000003,0.3815989
-30.6,0.3815893
-30.610000000000003,0.38157976
-30.62,0.3815702
-30.630000000000003,0.38156062
-30.64,0.3815511
-30.650000000000002,0.38154155
-30.660000000000004,0.381532
-30.67,0.38152245
-30.680000000000003,0.38151288
-30.69,0.38150334
-30.700000000000003,0.3814938
-30.71,0.38148427
-30.720000000000002,0.38147473
-30.73,0.3814652
-30.740000000000002,0.38145566
-30.750000000000004,0.38144606
-30.76,0.38143653
-30.770000000000003,0.381427
-30.78,0.38141745
-30.790000000000003,0.38140792
-30.8,0.38139838
-30.810000000000002,0.38138884
-30.820000000000004,0.3813793
-30.830000000000002,0.38136977
-30.840000000000003,0.38136023
-30.85,0.3813507
-30.860000000000003,0.38134116
-30.87,0.38133162
-30.880000000000003,0.3813221
-30.89,0.38131255
-30.900000000000002,0.381303
-30.910000000000004,0.38129348
-30.92,0.38128394
-30.930000000000003,0.38127443
-30.94,0.3812649
-30.950000000000003,0.3812554
-30.96,0.38124585
-30.970000000000002,0.3812363
-30.980000000000004,0.38122678
-30.990000000000002,0.38121727
-31.000000000000004,0.3812077
-31.01,0.38119823
-31.020000000000003,0.3811887
-31.03,0.38117915
-31.040000000000003,0.38116968
-31.05,0.38116014
-31.060000000000002,0.3811506
-31.070000000000004,0.3811411
-31.080000000000002,0.3811316
-31.090000000000003,0.38112205
-31.1,0.38111252
-31.110000000000003,0.381103
-31.12,0.38109353
-31.130000000000003,0.38108397
-31.14,0.3810745
-31.150000000000002,0.38106498
-31.160000000000004,0.38105547
-31.17,0.38104594
-31.180000000000003,0.38103643
-31.19,0.38102692
-31.200000000000003,0.38101742
-31.21,0.3810079
-31.220000000000002,0.38099837
-31.230000000000004,0.38098887
-31.240000000000002,0.38097942
-31.250000000000004,0.38096988
-31.26,0.38096038
-31.270000000000003,0.38095087
-31.28,0.38094136
-31.290000000000003,0.38093185
-31.3,0.38092235
-31.310000000000002,0.38091287
-31.320000000000004,0.38090336
-31.330000000000002,0.3808939
-31.340000000000003,0.38088438
-31.35,0.38087487
-31.360000000000003,0.38086537
-31.37,0.38085586
-31.380000000000003,0.38084638
-31.39,0.3808369
-31.400000000000002,0.38082737
-31.410000000000004,0.3808179
-31.42,0.38080838
-31.430000000000003,0.38079888
-31.44,0.3807894
-31.450000000000003,0.38077992
-31.46,0.38077042
-31.470000000000002,0.38076094
-31.480000000000004,0.3807515
-31.490000000000002,0.38074195
-31.500000000000004,0.38073248
-31.51,0.380723
-31.520000000000003,0.38071352
-31.53,0.38070402
-31.540000000000003,0.3806945
-31.55,0.3806851
-31.560000000000002,0.38067555
-31.570000000000004,0.3806661
-31.580000000000002,0.3806566
-31.590000000000003,0.38064712
-31.6,0.38063765
-31.610000000000003,0.38062817
-31.62,0.3806187
-31.630000000000003,0.3806092
-31.64,0.38059974
-31.650000000000002,0.38059026
-31.660000000000004,0.38058078
-31.67,0.38057134
-31.680000000000003,0.38056186
-31.69,0.3805524
-31.700000000000003,0.38054293
-31.71,0.38053346
-31.720000000000002,0.38052398
-31.730000000000004,0.3805145
-31.740000000000002,0.38050506
-31.750000000000004,0.3804956
-31.76,0.38048607
-31.770000000000003,0.38047662
-31.78,0.38046718
-31.790000000000003,0.3804577
-31.8,0.38044828
-31.810000000000002,0.3804388
-31.820000000000004,0.3804293
-31.830000000000002,0.38041985
-31.840000000000003,0.38041037
-31.85,0.38040096
-31.860000000000003,0.38039148
-31.87,0.380382
-31.880000000000003,0.38037255
-31.89,0.3803631
-31.900000000000002,0.38035366
-31.910000000000004,0.3803442
-31.92,0.38033473
-31.930000000000003,0.38032532
-31.94,0.38031584
-31.950000000000003,0.3803064
-31.96,0.38029695
-31.970000000000002,0.3802875
-31.980000000000004,0.38027805
-31.990000000000002,0.38026857
-32.0,0.38025916
-32.01,0.3802497
-32.019999999999996,0.38024026
-32.03,0.3802308
-32.04,0.38022137
-32.05,0.38021192
-32.059999999999995,0.38020247
-32.07,0.38019305
-32.08,0.38018358
-32.089999999999996,0.38017416
-32.1,0.38016468
-32.11,0.38015527
-32.12,0.38014585
-32.129999999999995,0.38013637
-32.14,0.38012695
-32.15,0.3801175
-32.16,0.3801081
-32.17,0.38009864
-32.18,0.3800892
-32.19,0.38007975
-32.199999999999996,0.38007033
-32.21,0.3800609
-32.22,0.3800515
-32.23,0.38004205
-32.24,0.3800326
-32.25,0.38002318
-32.26,0.38001376
-32.269999999999996,0.38000435
-32.28,0.37999493
-32.29,0.37998548
-32.3,0.37997606
-32.309999999999995,0.37996662
-32.32,0.3799572
-32.33,0.3799478
-32.339999999999996,0.37993836
-32.35,0.37992895
-32.36,0.37991953
-32.37,0.3799101
-32.379999999999995,0.3799007
-32.39,0.37989128
-32.4,0.37988186
-32.41,0.37987247
-32.42,0.37986302
-32.43,0.3798536
-32.44,0.3798442
-32.449999999999996,0.37983477
-32.46,0.37982535
-32.47,0.37981597
-32.48,0.37980655
-32.49,0.37979716
-32.5,0.37978774
-32.51,0.37977833
-32.519999999999996,0.3797689
-32.53,0.37975952
-32.54,0.3797501
-32.55,0.37974072
-32.559999999999995,0.3797313
-32.57,0.37972194
-32.58,0.3797125
-32.589999999999996,0.3797031
-32.6,0.3796937
-32.61,0.37968427
-32.62,0.37967488
-32.629999999999995,0.3796655
-32.64,0.37965608
-32.65,0.37964672
-32.66,0.3796373
-32.67,0.37962794
-32.68,0.37961853
-32.69,0.3796091
-32.699999999999996,0.37959975
-32.71,0.37959033
-32.72,0.37958091
-32.73,0.37957156
-32.74,0.37956214
-32.75,0.37955278
-32.76,0.37954336
-32.769999999999996,0.379534
-32.78,0.3795246
-32.79,0.37951523
-32.8,0.3795058
-32.809999999999995,0.37949646
-32.82,0.3794871
-32.83,0.37947768
-32.839999999999996,0.37946832
-32.85,0.37945893
-32.86,0.37944955
-32.87,0.37944016
-32.879999999999995,0.37943077
-32.89,0.3794214
-32.9,0.379412
-32.91,0.37940264
-32.92,0.37939328
-32.93,0.3793839
-32.94,0.3793745
-32.949999999999996,0.37936515
-32.96,0.37935576
-32.97,0.37934643
-32.98,0.37933704
-32.99,0.37932765
-33.0,0.3793183
-33.01,0.37930894
-33.019999999999996,0.37929958
-33.03,0.3792902
-33.04,0.37928084
-33.05,0.37927148
-33.059999999999995,0.3792621
-33.07,0.37925273
-33.08,0.37924334
-33.089999999999996,0.37923402
-33.1,0.37922466
-33.11,0.3792153
-33.12,0.37920594
-33.129999999999995,0.37919658
-33.14,0.37918723
-33.15,0.37917787
-33.16,0.3791685
-33.17,0.37915915
-33.18,0.37914976
-33.19,0.37914044
-33.199999999999996,0.37913108
-33.21,0.37912172
-33.22,0.3791124
-33.23,0.379103
-33.24,0.37909368
-33.25,0.37908432
-33.26,0.379075
-33.269999999999996,0.3790656
-33.28,0.37905627
-33.29,0.37904692
-33.3,0.3790376
-33.309999999999995,0.3790282
-33.32,0.37901887
-33.33,0.37900954
-33.339999999999996,0.3790002
-33.35,0.3789909
-33.36,0.37898153
-33.37,0.37897217
-33.379999999999995,0.37896284
-33.39,0.37895352
-33.4,0.37894416
-33.41,0.37893483
-33.42,0.3789255
-33.43,0.37891614
-33.44,0.37890682
-33.449999999999996,0.3788975
-33.46,0.37888816
-33.47,0.37887886
-33.48,0.3788695
-33.49,0.37886018
-33.5,0.37885085
-33.51,0.37884152
-33.519999999999996,0.37883216
-33.53,0.37882286
-33.54,0.37881353
-33.55,0.3788042
-33.559999999999995,0.3787949
-33.57,0.37878555
-33.58,0.37877625
-33.589999999999996,0.3787669
-33.6,0.3787576
-33.61,0.37874827
-33.62,0.37873897
-33.629999999999995,0.37872964
-33.64,0.3787203
-33.65,0.378711
-33.66,0.3787017
-33.67,0.37869236
-33.68,0.37868306
-33.69,0.37867373
-33.699999999999996,0.3786644
-33.71,0.3786551
-33.72,0.37864578
-33.73,0.37863648
-33.74,0.37862718
-33.75,0.37861788
-33.76,0.37860855
-33.769999999999996,0.37859926
-33.78,0.37858993
-33.79,0.37858063
-33.8,0.37857133
-33.809999999999995,0.37856203
-33.82,0.37855273
-33.83,0.37854338
-33.839999999999996,0.37853408
-33.85,0.3785248
-33.86,0.37851548
-33.87,0.37850624
-33.879999999999995,0.37849694
-33.89,0.37848765
-33.9,0.37847832
-33.91,0.37846902
-33.92,0.37845972
-33.93,0.37845045
-33.94,0.37844115
-33.949999999999996,0.37843186
-33.96,0.37842256
-33.97,0.37841326
-33.98,0.37840396
-33.99,0.37839466
-34.0,0.37838542
-34.01,0.37837613
-34.019999999999996,0.37836683
-34.03,0.37835753
-34.04,0.37834823
-34.05,0.378339
-34.059999999999995,0.3783297
-34.07,0.3783204
-34.08,0.37831113
-34.089999999999996,0.3783018
-34.1,0.37829253
-34.11,0.37828326
-34.12,0.37827402
-34.129999999999995,0.37826467
-34.14,0.37825543
-34.15,0.37824613
-34.16,0.3782369
-34.17,0.3782276
-34.18,0.37821832
-34.19,0.37820905
-34.199999999999996,0.37819976
-34.21,0.37819052
-34.22,0.37818122
-34.23,0.37817198
-34.24,0.37816268
-34.25,0.37815344
-34.26,0.37814417
-34.269999999999996,0.37813488
-34.28,0.3781256
-34.29,0.37811637
-34.3,0.3781071
-34.31,0.37809783
-34.32,0.3780886
-34.33,0.3780793
-34.339999999999996,0.37807006
-34.35,0.3780608
-34.36,0.37805152
-34.37,0.37804228
-34.379999999999995,0.37803298
-34.39,0.37802374
-34.4,0.37801448
-34.41,0.3780052
-34.42,0.37799597
-34.43,0.37798673
-34.44,0.37797746
-34.449999999999996,0.37796822
-34.46,0.37795895
-34.47,0.3779497
-34.48,0.37794048
-34.49,0.37793124
-34.5,0.377922
-34.51,0.3779127
-34.519999999999996,0.3779035
-34.53,0.37789422
-34.54,0.37788498
-34.55,0.37787575
-34.56,0.37786648
-34.57,0.37785727
-34.58,0.377848
-34.589999999999996,0.37783876
-34.6,0.37782952
-34.61,0.37782028
-34.62,0.37781107
-34.629999999999995,0.37780178
-34.64,0.3777926
-34.65,0.37778333
-34.66,0.3777741
-34.67,0.37776488
-34.68,0.37775564
-34.69,0.3777464
-34.699999999999996,0.37773716
-34.71,0.37772793
-34.72,0.3777187
-34.73,0.37770948
-34.74,0.3777002
-34.75,0.37769103
-34.76,0.3776818
-34.769999999999996,0.37767255
-34.78,0.3776633
-34.79,0.37765414
-34.8,0.3776449
-34.81,0.37763566
-34.82,0.37762645
-34.83,0.3776172
-34.839999999999996,0.377608
-34.85,0.3775988
-34.86,0.37758958
-34.87,0.37758034
-34.879999999999995,0.3775711
-34.89,0.37756193
-34.9,0.3775527
-34.91,0.3775435
-34.92,0.37753427
-34.93,0.37752503
-34.94,0.37751585
-34.949999999999996,0.3775066
-34.96,0.37749743
-34.97,0.3774882
-34.98,0.377479
-34.99,0.37746978
-35.0,0.3774606
-35.01,0.37745136
-35.019999999999996,0.37744218
-35.03,0.377433
-35.04,0.37742376
-35.05,0.37741455
-35.06,0.37740535
-35.07,0.37739617
-35.08,0.37738693
-35.089999999999996,0.37737775
-35.1,0.37736854
-35.11,0.37735936
-35.12,0.37735015
-35.129999999999995,0.37734097
-35.14,0.37733176
-35.15,0.37732255
-35.16,0.37731338
-35.17,0.3773042
-35.18,0.377295
-35.19,0.37728578
-35.199999999999996,0.3772766
-35.21,0.37726742
-35.22,0.37725824
-35.23,0.37724906
-35.24,0.37723982
-35.25,0.37723067
-35.26,0.37722147
-35.269999999999996,0.3772123
-35.28,0.3772031
-35.29,0.37719393
-35.3,0.37718475
-35.31,0.37717557
-35.32,0.3771664
-35.33,0.3771572
-35.339999999999996,0.377148
-35.35,0.37713885
-35.36,0.37712967
-35.37,0.3771205
-35.379999999999995,0.37711132
-35.39,0.37710214
-35.4,0.37709296
-35.41,0.3770838
-35.42,0.37707463
-35.43,0.37706542
-35.44,0.37705624
-35.449999999999996,0.37704712
-35.46,0.37703794
-35.47,0.37702876
-35.48,0.37701958
-35.49,0.3770104
-35.5,0.37700126
-35.51,0.3769921
-35.519999999999996,0.37698293
-35.53,0.37697375
-35.54,0.37696457
-35.55,0.37695545
-35.56,0.3769463
-35.57,0.3769371
-35.58,0.37692797
-35.589999999999996,0.3769188
-35.6,0.37690967
-35.61,0.37690046
-35.62,0.37689131
-35.629999999999995,0.37688217
-35.64,0.37687302
-35.65,0.37686387
-35.66,0.3768547
-35.67,0.37684557
-35.68,0.3768364
-35.69,0.37682727
-35.699999999999996,0.37681812
-35.71,0.37680894
-35.72,0.37679982
-35.73,0.37679064
-35.74,0.37678152
-35.75,0.37677234
-35.76,0.37676322
-35.769999999999996,0.3767541
-35.78,0.37674496
-35.79,0.3767358
-35.8,0.3767267
-35.81,0.3767175
-35.82,0.3767084
-35.83,0.3766992
-35.839999999999996,0.3766901
-35.85,0.37668097
-35.86,0.3766718
-35.87,0.37666267
-35.879999999999995,0.37665355
-35.89,0.37664443
-35.9,0.37663528
-35.91,0.37662613
-35.92,0.37661704
-35.93,0.3766079
-35.94,0.37659878
-35.949999999999996,0.37658966
-35.96,0.37658054
-35.97,0.3765714
-35.98,0.37656224
-35.99,0.37655312
-36.0,0.376544
-36.01,0.37653488
-36.019999999999996,0.37652576
-36.03,0.37651664
-36.04,0.37650752
-36.05,0.3764984
-36.06,0.37648925
-36.07,0.37648016
-36.08,0.37647104
-36.089999999999996,0.37646192
-36.1,0.3764528
-36.11,0.37644368
-36.12,0.37643456
-36.129999999999995,0.37642545
-36.14,0.37641636
-36.15,0.37640724
-36.16,0.37639812
-36.17,0.37638903
-36.18,0.3763799
-36.19,0.3763708
-36.199999999999996,0.37636167
-36.21,0.3763526
-36.22,0.37634346
-36.23,0.37633437
-36.24,0.37632528
-36.25,0.3763162
-36.26,0.37630707
-36.269999999999996,0.37629795
-36.28,0.37628883
-36.29,0.37627977
-36.3,0.37627065
-36.31,0.37626153
-36.32,0.37625247
-36.33,0.37624335
-36.339999999999996,0.37623423
-36.35,0.37622517
-36.36,0.37621605
-36.37,0.37620696
-36.379999999999995,0.37619787
-36.39,0.3761888
-36.4,0.3761797
-36.41,0.37617064
-36.42,0.37616152
-36.43,0.37615246
-36.44,0.37614334
-36.449999999999996,0.37613428
-36.46,0.37612516
-36.47,0.37611607
-36.48,0.37610698
-36.49,0.37609792
-36.5,0.37608886
-36.51,0.37607977
-36.519999999999996,0.37607068
-36.53,0.37606162
-36.54,0.3760525
-36.55,0.37604344
-36.56,0.37603435
-36.57,0.37602526
-36.58,0.3760162
-36.589999999999996,0.37600714
-36.6,0.37599805
-36.61,0.37598896
-36.62,0.3759799
-36.629999999999995,0.37597084
-36.64,0.37596175
-36.65,0.37595266
-36.66,0.37594366
-36.67,0.37593454
-36.68,0.37592548
-36.69,0.37591642
-36.699999999999996,0.37590736
-36.71,0.3758983
-36.72,0.37588924
-36.73,0.37588015
-36.74,0.3758711
-36.75,0.37586203
-36.76,0.375853
-36.769999999999996,0.37584388
-36.78,0.37583485
-36.79,0.37582576
-36.8,0.37581676
-36.81,0.37580764
-36.82,0.37579864
-36.83,0.37578958
-36.839999999999996,0.37578052
-36.85,0.37577146
-36.86,0.3757624
-36.87,0.37575334
-36.879999999999995,0.3757443
-36.89,0.37573528
-36.9,0.37572622
-36.91,0.37571716
-36.92,0.3757081
-36.93,0.37569907
-36.94,0.37569004
-36.949999999999996,0.37568095
-36.96,0.37567192
-36.97,0.37566292
-36.98,0.37565383
-36.99,0.3756448
-37.0,0.3756358
-37.01,0.37562674
-37.019999999999996,0.37561768
-37.03,0.37560865
-37.04,0.37559962
-37.05,0.37559056
-37.06,0.3755815
-37.07,0.3755725
-37.08,0.37556347
-37.089999999999996,0.37555444
-37.1,0.3755454
-37.11,0.37553635
-37.12,0.37552732
-37.129999999999995,0.37551832
-37.14,0.3755093
-37.15,0.37550026
-37.16,0.37549123
-37.17,0.3754822
-37.18,0.37547317
-37.19,0.37546414
-37.199999999999996,0.3754551
-37.21,0.37544608
-37.22,0.3754371
-37.23,0.37542808
-37.24,0.37541902
-37.25,0.37541002
-37.26,0.375401
-37.269999999999996,0.37539196
-37.28,0.37538296
-37.29,0.37537396
-37.3,0.37536493
-37.31,0.3753559
-37.32,0.3753469
-37.33,0.3753379
-37.339999999999996,0.3753289
-37.35,0.37531987
-37.36,0.37531087
-37.37,0.37530184
-37.379999999999995,0.37529284
-37.39,0.37528384
-37.4,0.3752748
-37.41,0.37526584
-37.42,0.37525684
-37.43,0.37524784
-37.44,0.3752388
-37.449999999999996,0.3752298
-37.46,0.37522078
-37.47,0.37521178
-37.48,0.37520278
-37.49,0.37519377
-37.5,0.37518477
-37.51,0.37517577
-37.519999999999996,0.3751668
-37.53,0.37515783
-37.54,0.37514883
-37.55,0.37513983
-37.56,0.37513083
-37.57,0.37512183
-37.58,0.37511283
-37.589999999999996,0.37510383
-37.6,0.37509483
-37.61,0.37508583
-37.62,0.3750769
-37.629999999999995,0.3750679
-37.64,0.3750589
-37.65,0.3750499
-37.66,0.37504092
-37.67,0.37503195
-37.68,0.37502295
-37.69,0.37501398
-37.699999999999996,0.375005
-37.71,0.374996
-37.72,0.374987
-37.73,0.37497807
-37.74,0.3749691
-37.75,0.3749601
-37.76,0.37495112
-37.769999999999996,0.37494215
-37.78,0.37493318
-37.79,0.3749242
-37.8,0.37491524
-37.81,0.37490624
-37.82,0.3748973
-37.83,0.37488833
-37.839999999999996,0.37487936
-37.85,0.3748704
-37.86,0.37486142
-37.87,0.37485242
-37.879999999999995,0.3748435
-37.89,0.3748345
-37.9,0.37482554
-37.91,0.3748166
-37.92,0.37480763
-37.93,0.37479866
-37.94,0.3747897
-37.949999999999996,0.37478074
-37.96,0.37477177
-37.97,0.3747628
-37.98,0.37475386
-37.99,0.3747449
-38.0,0.37473595
-38.01,0.374727
-38.019999999999996,0.37471804
-38.03,0.37470907
-38.04,0.37470013
-38.05,0.37469122
-38.06,0.37468222
-38.07,0.3746733
-38.08,0.37466437
-38.089999999999996,0.37465537
-38.1,0.37464643
-38.11,0.37463745
-38.12,0.3746285
-38.129999999999995,0.37461957
-38.14,0.37461063
-38.15,0.3746017
-38.16,0.37459278
-38.17,0.37458384
-38.18,0.37457487
-38.19,0.37456593
-38.199999999999996,0.37455696
-38.21,0.37454805
-38.22,0.3745391
-38.23,0.3745302
-38.24,0.37452123
-38.25,0.3745123
-38.26,0.37450337
-38.269999999999996,0.37449443
-38.28,0.37448552
-38.29,0.3744766
-38.3,0.37446764
-38.31,0.37445873
-38.32,0.3744498
-38.33,0.37444088
-38.339999999999996,0.37443194
-38.35,0.37442303
-38.36,0.3744141
-38.37,0.37440518
-38.379999999999995,0.37439626
-38.39,0.37438732
-38.4,0.3743784
-38.41,0.3743695
-38.42,0.37436053
-38.43,0.37435162
-38.44,0.3743427
-38.449999999999996,0.3743338
-38.46,0.37432492
-38.47,0.37431598
-38.48,0.37430707
-38.49,0.37429813
-38.5,0.3742892
-38.51,0.3742803
-38.519999999999996,0.3742714
-38.53,0.37426248
-38.54,0.37425357
-38.55,0.37424463
-38.56,0.37423575
-38.57,0.37422684
-38.58,0.37421793
-38.589999999999996,0.37420902
-38.6,0.37420014
-38.61,0.37419122
-38.62,0.37418234
-38.629999999999995,0.3741734
-38.64,0.37416452
-38.65,0.3741556
-38.66,0.3741467
-38.67,0.3741378
-38.68,0.37412894
-38.69,0.37412003
-38.699999999999996,0.37411112
-38.71,0.37410223
-38.72,0.37409335
-38.73,0.37408444
-38.74,0.37407553
-38.75,0.37406665
-38.76,0.37405777
-38.769999999999996,0.37404886
-38.78,0.37403995
-38.79,0.37403107
-38.8,0.37402222
-38.81,0.37401333
-38.82,0.37400442
-38.83,0.37399554
-38.839999999999996,0.3739867
-38.85,0.37397778
-38.86,0.3739689
-38.87,0.37396002
-38.879999999999995,0.37395114
-38.89,0.37394226
-38.9,0.37393337
-38.91,0.3739245
-38.92,0.37391564
-38.93,0.37390673
-38.94,0.37389788
-38.949999999999996,0.37388897
-38.96,0.37388012
-38.97,0.37387124
-38.98,0.37386236
-38.99,0.37385347
-39.0,0.37384462
-39.01,0.37383577
-39.019999999999996,0.3738269
-39.03,0.37381804
-39.04,0.37380916
-39.05,0.37380028
-39.06,0.3737914
-39.07,0.37378252
-39.08,0.3737737
-39.089999999999996,0.3737648
-39.1,0.37375593
-39.11,0.3737471
-39.12,0.37373823
-39.129999999999995,0.37372938
-39.14,0.37372053
-39.15,0.37371168
-39.16,0.37370282
-39.17,0.37369394
-39.18,0.3736851
-39.19,0.37367624
-39.199999999999996,0.37366736
-39.21,0.37365854
-39.22,0.37364966
-39.23,0.37364084
-39.24,0.37363198
-39.25,0.3736231
-39.26,0.37361428
-39.269999999999996,0.37360546
-39.28,0.37359655
-39.29,0.37358773
-39.3,0.3735789
-39.31,0.37357008
-39.32,0.3735612
-39.33,0.37355235
-39.339999999999996,0.3735435
-39.35,0.37353468
-39.36,0.37352583
-39.37,0.373517
-39.379999999999995,0.3735082
-39.39,0.37349933
-39.4,0.3734905
-39.41,0.37348166
-39.42,0.37347284
-39.43,0.373464
-39.44,0.37345517
-39.449999999999996,0.37344632
-39.46,0.3734375
-39.47,0.37342867
-39.48,0.37341982
-39.49,0.373411
-39.5,0.37340215
-39.51,0.37339333
-39.519999999999996,0.37338448
-39.53,0.37337565
-39.54,0.37336686
-39.55,0.37335804
-39.56,0.37334922
-39.57,0.3733404
-39.58,0.37333155
-39.589999999999996,0.37332276
-39.6,0.37331393
-39.61,0.3733051
-39.62,0.37329626
-39.629999999999995,0.37328747
-39.64,0.37327865
-39.65,0.37326983
-39.66,0.37326103
-39.67,0.3732522
-39.68,0.3732434
-39.69,0.3732346
-39.699999999999996,0.37322578
-39.71,0.373217
-39.72,0.37320817
-39.73,0.37319937
-39.74,0.37319055
-39.75,0.37318176
-39.76,0.37317294
-39.769999999999996,0.37316412
-39.78,0.37315533
-39.79,0.37314653
-39.8,0.3731377
-39.81,0.37312892
-39.82,0.37312013
-39.83,0.3731113
-39.839999999999996,0.37310252
-39.85,0.3730937
-39.86,0.37308493
-39.87,0.37307614
-39.879999999999995,0.37306735
-39.89,0.37305856
-39.9,0.37304974
-39.91,0.37304094
-39.92,0.37303215
-39.93,0.37302336
-39.94,0.37301457
-39.949999999999996,0.37300578
-39.96,0.372997
-39.97,0.3729882
-39.98,0.37297943
-39.99,0.37297064
-40.0,0.37296185
-40.01,0.3729531
-40.019999999999996,0.3729443
-40.03,0.37293553
-40.04,0.3729267
-40.05,0.37291795
-40.06,0.37290913
-40.07,0.37290037
-40.08,0.37289158
-40.089999999999996,0.37288278
-40.1,0.37287408
-40.11,0.3728653
-40.12,0.3728565
-40.129999999999995,0.37284774
-40.14,0.3728389
-40.15,0.3728302
-40.16,0.3728214
-40.17,0.37281263
-40.18,0.37280384
-40.19,0.37279505
-40.199999999999996,0.37278628
-40.21,0.37277758
-40.22,0.37276876
-40.23,0.37276
-40.24,0.37275127
-40.25,0.3727425
-40.26,0.37273374
-40.269999999999996,0.37272498
-40.28,0.3727162
-40.29,0.37270746
-40.3,0.37269866
-40.31,0.37268996
-40.32,0.37268117
-40.33,0.37267238
-40.339999999999996,0.37266365
-40.35,0.37265489
-40.36,0.37264615
-40.37,0.3726374
-40.379999999999995,0.37262866
-40.39,0.3726199
-40.4,0.37261117
-40.41,0.3726024
-40.42,0.37259364
-40.43,0.3725849
-40.44,0.37257615
-40.449999999999996,0.37256742
-40.46,0.37255865
-40.47,0.3725499
-40.48,0.3725412
-40.49,0.37253243
-40.5,0.37252367
-40.51,0.37251496
-40.519999999999996,0.3725062
-40.53,0.37249744
-40.54,0.3724887
-40.55,0.37247998
-40.56,0.37247124
-40.57,0.3724625
-40.58,0.37245378
-40.589999999999996,0.37244502
-40.6,0.37243629
-40.61,0.37242755
-40.62,0.37241882
-40.629999999999995,0.3724101
-40.64,0.3724014
-40.65,0.37239262
-40.66,0.37238392
-40.67,0.3723752
-40.68,0.37236643
-40.69,0.37235773
-40.699999999999996,0.37234902
-40.71,0.3723403
-40.72,0.37233156
-40.73,0.37232286
-40.74,0.3723141
-40.75,0.3723054
-40.76,0.3722967
-40.769999999999996,0.37228793
-40.78,0.37227923
-40.79,0.37227052
-40.8,0.37226182
-40.81,0.37225312
-40.82,0.3722444
-40.83,0.3722357
-40.839999999999996,0.37222692
-40.85,0.37221825
-40.86,0.37220955
-40.87,0.37220082
-40.879999999999995,0.3721921
-40.89,0.37218338
-40.9,0.3721747
-40.91,0.372166
-40.92,0.37215728
-40.93,0.37214857
-40.94,0.37213987
-40.949999999999996,0.37213117
-40.96,0.37212247
-40.97,0.37211376
-40.98,0.37210506
-40.99,0.37209636
-41.0,0.37208766
-41.01,0.37207896
-41.019999999999996,0.37207028
-41.03,0.37206158
-41.04,0.37205288
-41.05,0.37204415
-41.06,0.3720355
-41.07,0.37202677
-41.08,0.37201807
-41.089999999999996,0.3720094
-41.1,0.3720007
-41.11,0.371992
-41.12,0.37198332
-41.129999999999995,0.37197465
-41.14,0.37196594
-41.15,0.37195727
-41.16,0.3719486
-41.17,0.3719399
-41.18,0.3719312
-41.19,0.37192252
-41.199999999999996,0.37191385
-41.21,0.37190518
-41.22,0.3718965
-41.23,0.3718878
-41.24,0.37187913
-41.25,0.37187046
-41.26,0.37186176
-41.269999999999996,0.3718531
-41.28,0.37184444
-41.29,0.37183577
-41.3,0.37182707
-41.31,0.3718184
-41.32,0.37180975
-41.33,0.37180108
-41.339999999999996,0.3717924
-41.35,0.37178373
-41.36,0.37177506
-41.37,0.37176642
-41.379999999999995,0.37175772
-41.39,0.37174907
-41.4,0.3717404
-41.41,0.37173176
-41.42,0.3717231
-41.43,0.3717144
-41.44,0.37170574
-41.449999999999996,0.3716971
-41.46,0.37168843
-41.47,0.37167978
-41.48,0.3716711
-41.49,0.37166247
-41.5,0.37165383
-41.51,0.37164515
-41.519999999999996,0.37163648
-41.53,0.37162784
-41.54,0.3716192
-41.55,0.37161052
-41.56,0.37160185
-41.57,0.3715932
-41.58,0.3715846
-41.589999999999996,0.37157595
-41.6,0.37156728
-41.61,0.3715586
-41.62,0.37155
-41.629999999999995,0.37154132
-41.64,0.3715327
-41.65,0.37152407
-41.66,0.3715154
-41.67,0.37150675
-41.68,0.3714981
-41.69,0.37148944
-41.699999999999996,0.37148085
-41.71,0.37147218
-41.72,0.37146354
-41.73,0.37145492
-41.74,0.37144628
-41.75,0.37143767
-41.76,0.3714291
-41.769999999999996,0.37142038
-41.78,0.37141174
-41.79,0.37140313
-41.8,0.37139452
-41.81,0.37138587
-41.82,0.3713773
-41.83,0.3713686
-41.839999999999996,0.37136
-41.85,0.3713514
-41.86,0.37134278
-41.87,0.37133414
-41.879999999999995,0.3713255
-41.89,0.37131685
-41.9,0.37130827
-41.91,0.37129962
-41.92,0.37129098
-41.93,0.3712824
-41.94,0.3712738
-41.949999999999996,0.37126517
-41.96,0.37125653
-41.97,0.37124792
-41.98,0.3712393
-41.99,0.3712307
-42.0,0.37122208
-42.01,0.3712135
-42.019999999999996,0.37120485
-42.03,0.37119624
-42.04,0.37118763
-42.05,0.371179
-42.06,0.3711704
-42.07,0.37116182
-42.08,0.37115318
-42.089999999999996,0.3711446
-42.1,0.37113598
-42.11,0.37112737
-42.12,0.37111875
-42.129999999999995,0.37111017
-42.14,0.3711016
-42.15,0.37109298
-42.16,0.3710844
-42.17,0.37107578
-42.18,0.37106717
-42.19,0.37105858
-42.199999999999996,0.37104997
-42.21,0.37104142
-42.22,0.37103283
-42.23,0.37102422
-42.24,0.37101564
-42.25,0.37100703
-42.26,0.3709984
-42.269999999999996,0.37098986
-42.28,0.37098128
-42.29,0.37097266
-42.3,0.37096408
-42.31,0.37095553
-42.32,0.3709469
-42.33,0.37093833
-42.339999999999996,0.37092975
-42.35,0.37092116
-42.36,0.37091255
-42.37,0.370904
-42.379999999999995,0.37089545
-42.39,0.37088686
-42.4,0.37087828
-42.41,0.3708697
-42.42,0.3708611
-42.43,0.37085253
-42.44,0.37084395
-42.449999999999996,0.37083536
-42.46,0.37082684
-42.47,0.37081823
-42.48,0.37080967
-42.49,0.37080106
-42.5,0.37079254
-42.51,0.37078395
-42.519999999999996,0.3707754
-42.53,0.37076682
-42.54,0.37075827
-42.55,0.3707497
-42.56,0.3707411
-42.57,0.37073258
-42.58,0.37072396
-42.589999999999996,0.37071544
-42.6,0.3707069
-42.61,0.37069827
-42.62,0.37068975
-42.629999999999995,0.37068117
-42.64,0.37067264
-42.65,0.37066406
-42.66,0.3706555
-42.67,0.37064695
-42.68,0.3706384
-42.69,0.3706299
-42.699999999999996,0.3706213
-42.71,0.37061274
-42.72,0.3706042
-42.73,0.37059563
-42.74,0.37058708
-42.75,0.37057853
-42.76,0.37057
-42.769999999999996,0.37056148
-42.78,0.3705529
-42.79,0.37054434
-42.8,0.37053582
-42.81,0.37052727
-42.82,0.3705187
-42.83,0.3705102
-42.839999999999996,0.37050164
-42.85,0.3704931
-42.86,0.37048456
-42.87,0.370476
-42.879999999999995,0.37046748
-42.89,0.37045896
-42.9,0.37045044
-42.91,0.37044188
-42.92,0.37043336
-42.93,0.37042484
-42.94,0.37041628
-42.949999999999996,0.37040776
-42.96,0.37039924
-42.97,0.37039068
-42.98,0.37038216
-42.99,0.37037367
-43.0,0.3703651
-43.01,0.37035662
-43.019999999999996,0.3703481
-43.03,0.37033957
-43.04,0.37033102
-43.05,0.3703225
-43.06,0.37031397
-43.07,0.37030545
-43.08,0.37029696
-43.089999999999996,0.37028843
-43.1,0.3702799
-43.11,0.37027138
-43.12,0.37026286
-43.129999999999995,0.37025437
-43.14,0.37024584
-43.15,0.3702373
-43.16,0.37022883
-43.17,0.37022027
-43.18,0.37021178
-43.19,0.3702033
-43.199999999999996,0.37019476
-43.21,0.37018624
-43.22,0.37017775
-43.23,0.37016925
-43.24,0.37016073
-43.25,0.37015224
-43.26,0.3701437
-43.269999999999996,0.37013522
-43.28,0.37012672
-43.29,0.3701182
-43.3,0.3701097
-43.31,0.3701012
-43.32,0.37009272
-43.33,0.37008423
-43.339999999999996,0.3700757
-43.35,0.3700672
-43.36,0.3700587
-43.37,0.37005022
-43.379999999999995,0.37004173
-43.39,0.37003326
-43.4,0.37002474
-43.41,0.37001622
-43.42,0.37000775
-43.43,0.3699993
-43.44,0.3699908
-43.449999999999996,0.3699823
-43.46,0.3699738
-43.47,0.3699653
-43.48,0.36995685
-43.49,0.36994833
-43.5,0.3699399
-43.51,0.3699314
-43.519999999999996,0.36992294
-43.53,0.36991444
-43.54,0.36990598
-43.55,0.3698975
-43.56,0.36988902
-43.57,0.3698805
-43.58,0.369872
-43.589999999999996,0.3698636
-43.6,0.3698551
-43.61,0.3698466
-43.62,0.36983815
-43.629999999999995,0.36982968
-43.64,0.3698212
-43.65,0.36981273
-43.66,0.36980426
-43.67,0.36979577
-43.68,0.3697873
-43.69,0.36977884
-43.699999999999996,0.36977035
-43.71,0.36976188
-43.72,0.36975345
-43.73,0.369745
-43.74,0.36973652
-43.75,0.3697281
-43.76,0.3697196
-43.769999999999996,0.3697111
-43.78,0.36970267
-43.79,0.36969423
-43.8,0.36968574
-43.81,0.3696773
-43.82,0.36966884
-43.83,0.3696604
-43.839999999999996,0.3696519
-43.85,0.3696435
-43.86,0.36963505
-43.87,0.36962658
-43.879999999999995,0.36961812
-43.89,0.36960965
-43.9,0.36960122
-43.91,0.3695928
-43.92,0.36958432
-43.93,0.36957586
-43.94,0.36956742
-43.949999999999996,0.369559
-43.96,0.36955053
-43.97,0.36954212
-43.98,0.36953366
-43.99,0.36952525
-44.0,0.36951676
-44.01,0.36950836
-44.019999999999996,0.3694999
-44.03,0.3694915
-44.04,0.36948302
-44.05,0.3694746
-44.06,0.36946616
-44.07,0.36945772
-44.08,0.36944932
-44.089999999999996,0.36944085
-44.1,0.36943245
-44.11,0.36942402
-44.12,0.36941558
-44.129999999999995,0.36940715
-44.14,0.3693987
-44.15,0.36939025
-44.16,0.36938187
-44.17,0.36937344
-44.18,0.369365
-44.19,0.36935657
-44.199999999999996,0.36934817
-44.21,0.36933976
-44.22,0.3693313
-44.23,0.36932287
-44.24,0.3693145
-44.25,0.36930603
-44.26,0.36929762
-44.269999999999996,0.3692892
-44.28,0.3692808
-44.29,0.36927235
-44.3,0.36926395
-44.31,0.36925554
-44.32,0.36924714
-44.33,0.36923873
-44.339999999999996,0.36923033
-44.35,0.36922187
-44.36,0.36921346
-44.37,0.36920506
-44.379999999999995,0.36919668
-44.39,0.36918825
-44.4,0.36917984
-44.41,0.36917144
-44.42,0.36916304
-44.43,0.36915463
-44.44,0.36914626
-44.449999999999996,0.36913782
-44.46,0.36912942
-44.47,0.36912102
-44.48,0.36911264
-44.49,0.3691042
-44.5,0.36909586
-44.51,0.36908746
-44.519999999999996,0.36907905
-44.53,0.36907065
-44.54,0.36906224
-44.55,0.36905387
-44.56,0.3690455
-44.57,0.3690371
-44.58,0.36902866
-44.589999999999996,0.36902028
-44.6,0.3690119
-44.61,0.36900353
-44.62,0.36899516
-44.629999999999995,0.36898676
-44.64,0.3689784
-44.65,0.36896998
-44.66,0.3689616
-44.67,0.3689532
-44.68,0.36894482
-44.69,0.36893645
-44.699999999999996,0.36892807
-44.71,0.36891967
-44.72,0.3689113
-44.73,0.36890295
-44.74,0.36889458
-44.75,0.36888617
-44.76,0.36887783
-44.769999999999996,0.36886942
-44.78,0.36886102
-44.79,0.3688527
-44.8,0.36884433
-44.81,0.36883596
-44.82,0.36882755
-44.83,0.3688192
-44.839999999999996,0.36881083
-44.85,0.36880246
-44.86,0.36879408
-44.87,0.36878577
-44.879999999999995,0.3687774
-44.89,0.368769
-44.9,0.36876065
-44.91,0.36875227
-44.92,0.36874393
-44.93,0.36873555
-44.94,0.36872718
-44.949999999999996,0.3687188
-44.96,0.3687105
-44.97,0.3687021
-44.98,0.36869377
-44.99,0.36868542
-45.0,0.36867705
-45.01,0.36866868
-45.019999999999996,0.36866033
-45.03,0.368652
-45.04,0.36864364
-45.05,0.3686353
-45.06,0.36862692
-45.07,0.3686186
-45.08,0.36861026
-45.089999999999996,0.3686019
-45.1,0.36859357
-45.11,0.3685852
-45.12,0.36857688
-45.129999999999995,0.36856854
-45.14,0.3685602
-45.15,0.36855182
-45.16,0.3685435
-45.17,0.36853516
-45.18,0.36852682
-45.19,0.3685185
-45.199999999999996,0.36851013
-45.21,0.3685018
-45.22,0.36849347
-45.23,0.36848515
-45.24,0.3684768
-45.25,0.36846846
-45.26,0.36846015
-45.269999999999996,0.36845177
-45.28,0.36844346
-45.29,0.36843514
-45.3,0.36842683
-45.31,0.36841848
-45.32,0.36841014
-45.33,0.3684018
-45.339999999999996,0.36839348
-45.35,0.3683852
-45.36,0.36837685
-45.37,0.36836854
-45.379999999999995,0.36836022
-45.39,0.36835188
-45.4,0.36834356
-45.41,0.36833525
-45.42,0.36832693
-45.43,0.3683186
-45.44,0.3683103
-45.449999999999996,0.368302
-45.46,0.36829364
-45.47,0.36828536
-45.48,0.36827704
-45.49,0.36826873
-45.5,0.3682604
-45.51,0.3682521
-45.519999999999996,0.3682438
-45.53,0.36823544
-45.54,0.36822718
-45.55,0.36821884
-45.56,0.36821055
-45.57,0.36820224
-45.58,0.36819392
-45.589999999999996,0.36818564
-45.6,0.36817735
-45.61,0.36816904
-45.62,0.36816075
-45.629999999999995,0.36815244
-45.64,0.36814415
-45.65,0.3681358
-45.66,0.36812752
-45.67,0.36811924
-45.68,0.36811095
-45.69,0.36810264
-45.699999999999996,0.36809433
-45.71,0.3680861
-45.72,0.3680778
-45.73,0.36806947
-45.74,0.3680612
-45.75,0.3680529
-45.76,0.3680446
-45.769999999999996,0.36803633
-45.78,0.36802804
-45.79,0.36801976
-45.8,0.36801144
-45.81,0.3680032
-45.82,0.36799487
-45.83,0.36798662
-45.839999999999996,0.36797833
-45.85,0.36797005
-45.86,0.3679618
-45.87,0.36795348
-45.879999999999995,0.3679452
-45.89,0.3679369
-45.9,0.36792865
-45.91,0.36792034
-45.92,0.36791208
-45.93,0.3679038
-45.94,0.36789554
-45.949999999999996,0.3678873
-45.96,0.367879
-45.97,0.36787075
-45.98,0.36786246
-45.99,0.36785418
-46.0,0.36784592
-46.01,0.36783764
-46.019999999999996,0.36782938
-46.03,0.36782113
-46.04,0.36781287
-46.05,0.36780456
-46.06,0.3677963
-46.07,0.36778808
-46.08,0.36777982
-46.089999999999996,0.36777154
-46.1,0.36776328
-46.11,0.36775506
-46.12,0.36774677
-46.129999999999995,0.3677385
-46.14,0.36773026
-46.15,0.36772197
-46.16,0.36771372
-46.17,0.3677055
-46.18,0.3676972
-46.19,0.36768898
-46.199999999999996,0.3676807
-46.21,0.36767247
-46.22,0.36766425
-46.23,0.367656
-46.24,0.36764774
-46.25,0.36763948
-46.26,0.36763123
-46.269999999999996,0.367623
-46.28,0.36761475
-46.29,0.36760646
-46.3,0.36759824
-46.31,0.36759
-46.32,0.36758175
-46.33,0.36757356
-46.339999999999996,0.3675653
-46.35,0.36755708
-46.36,0.36754882
-46.37,0.3675406
-46.379999999999995,0.3675323
-46.39,0.36752412
-46.4,0.36751586
-46.41,0.36750764
-46.42,0.3674994
-46.43,0.36749113
-46.44,0.36748293
-46.449999999999996,0.36747468
-46.46,0.36746648
-46.47,0.36745825
-46.48,0.36745
-46.49,0.36744177
-46.5,0.36743355
-46.51,0.36742532
-46.519999999999996,0.3674171
-46.53,0.36740887
-46.54,0.36740065
-46.55,0.36739245
-46.56,0.36738423
-46.57,0.367376
-46.58,0.3673678
-46.589999999999996,0.3673596
-46.6,0.36735135
-46.61,0.36734313
-46.62,0.3673349
-46.629999999999995,0.36732674
-46.64,0.36731848
-46.65,0.3673103
-46.66,0.36730206
-46.67,0.36729386
-46.68,0.36728564
-46.69,0.3672774
-46.699999999999996,0.36726922
-46.71,0.367261
-46.72,0.3672528
-46.73,0.3672446
-46.74,0.36723638
-46.75,0.36722815
-46.76,0.36721998
-46.769999999999996,0.36721176
-46.78,0.36720356
-46.79,0.36719537
-46.8,0.36718714
-46.81,0.36717898
-46.82,0.36717078
-46.83,0.3671626
-46.839999999999996,0.36715436
-46.85,0.3671462
-46.86,0.367138
-46.87,0.3671298
-46.879999999999995,0.36712158
-46.89,0.3671134
-46.9,0.36710522
-46.91,0.36709708
-46.92,0.36708882
-46.93,0.36708066
-46.94,0.36707246
-46.949999999999996,0.36706427
-46.96,0.36705607
-46.97,0.36704788
-46.98,0.36703974
-46.99,0.36703154
-47.0,0.36702335
-47.01,0.36701515
-47.019999999999996,0.367007
-47.03,0.3669988
-47.04,0.36699063
-47.05,0.3669824
-47.06,0.36697423
-47.07,0.36696607
-47.08,0.3669579
-47.089999999999996,0.36694974
-47.1,0.36694157
-47.11,0.36693338
-47.12,0.36692524
-47.129999999999995,0.36691707
-47.14,0.36690888
-47.15,0.3669007
-47.16,0.36689252
-47.17,0.36688435
-47.18,0.36687618
-47.19,0.366868
-47.199999999999996,0.36685985
-47.21,0.3668517
-47.22,0.36684352
-47.23,0.36683536
-47.24,0.36682722
-47.25,0.36681905
-47.26,0.36681092
-47.269999999999996,0.36680275
-47.28,0.36679456
-47.29,0.3667864
-47.3,0.36677825
-47.31,0.3667701
-47.32,0.36676192
-47.33,0.3667538
-47.339999999999996,0.36674565
-47.35,0.36673748
-47.36,0.36672932
-47.37,0.36672115
-47.379999999999995,0.366713
-47.39,0.36670488
-47.4,0.36669672
-47.41,0.36668855
-47.42,0.36668044
-47.43,0.36667228
-47.44,0.36666414
-47.449999999999996,0.36665598
-47.46,0.36664784
-47.47,0.36663967
-47.48,0.36663154
-47.49,0.36662343
-47.5,0.36661527
-47.51,0.3666071
-47.519999999999996,0.36659896
-47.53,0.36659083
-47.54,0.3665827
-47.55,0.36657456
-47.56,0.36656642
-47.57,0.3665583
-47.58,0.36655015
-47.589999999999996,0.366542
-47.6,0.36653394
-47.61,0.36652577
-47.62,0.3665176
-47.629999999999995,0.3665095
-47.64,0.36650133
-47.65,0.36649325
-47.66,0.36648512
-47.67,0.366477
-47.68,0.36646888
-47.69,0.36646074
-47.699999999999996,0.36645263
-47.71,0.3664445
-47.72,0.36643636
-47.73,0.36642826
-47.74,0.3664201
-47.75,0.366412
-47.76,0.36640388
-47.769999999999996,0.36639577
-47.78,0.36638767
-47.79,0.36637956
-47.8,0.36637142
-47.81,0.36636332
-47.82,0.3663552
-47.83,0.3663471
-47.839999999999996,0.366339
-47.85,0.36633086
-47.86,0.36632276
-47.87,0.36631462
-47.88,0.36630654
-47.89,0.36629844
-47.9,0.36629033
-47.91,0.36628222
-47.92,0.36627412
-47.93,0.36626598
-47.94,0.3662579
-47.949999999999996,0.3662498
-47.96,0.36624172
-47.97,0.36623362
-47.98,0.3662255
-47.99,0.3662174
-48.0,0.36620927
-48.01,0.3662012
-48.019999999999996,0.3661931
-48.03,0.366185
-48.04,0.3661769
-48.05,0.36616883
-48.06,0.36616072
-48.07,0.36615264
-48.08,0.36614457
-48.089999999999996,0.3661365
-48.1,0.36612839
-48.11,0.36612028
-48.12,0.3661122
-48.13,0.3661041
-48.14,0.36609602
-48.15,0.3660879
-48.16,0.36607984
-48.17,0.36607176
-48.18,0.36606368
-48.19,0.36605558
-48.199999999999996,0.36604753
-48.21,0.36603943
-48.22,0.36603138
-48.23,0.36602327
-48.24,0.36601523
-48.25,0.36600715
-48.26,0.36599904
-48.269999999999996,0.36599094
-48.28,0.3659829
-48.29,0.3659748
-48.3,0.3659667
-48.31,0.36595866
-48.32,0.3659506
-48.33,0.36594254
-48.339999999999996,0.3659345
-48.35,0.3659264
-48.36,0.36591834
-48.37,0.3659103
-48.38,0.36590222
-48.39,0.36589414
-48.4,0.3658861
-48.41,0.36587802
-48.42,0.36586994
-48.43,0.36586186
-48.44,0.36585385
-48.449999999999996,0.36584577
-48.46,0.3658377
-48.47,0.36582965
-48.48,0.3658216
-48.49,0.36581352
-48.5,0.36580548
-48.51,0.36579743
-48.519999999999996,0.36578935
-48.53,0.3657813
-48.54,0.36577326
-48.55,0.3657652
-48.56,0.36575714
-48.57,0.36574912
-48.58,0.36574107
-48.589999999999996,0.36573303
-48.6,0.36572495
-48.61,0.3657169
-48.62,0.36570886
-48.63,0.36570084
-48.64,0.3656928
-48.65,0.36568472
-48.66,0.3656767
-48.67,0.36566865
-48.68,0.3656606
-48.69,0.36565256
-48.699999999999996,0.36564454
-48.71,0.3656365
-48.72,0.36562848
-48.73,0.3656204
-48.74,0.36561236
-48.75,0.3656043
-48.76,0.3655963
-48.769999999999996,0.36558825
-48.78,0.36558026
-48.79,0.3655722
-48.8,0.36556417
-48.81,0.36555615
-48.82,0.36554813
-48.83,0.3655401
-48.839999999999996,0.36553207
-48.85,0.36552405
-48.86,0.365516
-48.87,0.365508
-48.88,0.36549997
-48.89,0.36549196
-48.9,0.36548394
-48.91,0.36547592
-48.92,0.36546785
-48.93,0.36545986
-48.94,0.36545184
-48.949999999999996,0.3654438
-48.96,0.36543584
-48.97,0.3654278
-48.98,0.36541978
-48.99,0.36541176
-49.0,0.36540374
-49.01,0.36539575
-49.019999999999996,0.36538774
-49.03,0.3653797
-49.04,0.36537173
-49.05,0.36536372
-49.06,0.3653557
-49.07,0.36534768
-49.08,0.36533967
-49.089999999999996,0.36533165
-49.1,0.36532366
-49.11,0.36531565
-49.12,0.36530766
-49.13,0.36529964
-49.14,0.36529166
-49.15,0.36528367
-49.16,0.36527565
-49.17,0.36526763
-49.18,0.36525965
-49.19,0.36525163
-49.199999999999996,0.36524364
-49.21,0.36523563
-49.22,0.36522767
-49.23,0.36521965
-49.24,0.36521167
-49.25,0.36520368
-49.26,0.36519566
-49.269999999999996,0.3651877
-49.28,0.36517972
-49.29,0.36517173
-49.3,0.36516374
-49.31,0.36515576
-49.32,0.36514777
-49.33,0.36513975
-49.339999999999996,0.3651318
-49.35,0.3651238
-49.36,0.36511582
-49.37,0.36510783
-49.38,0.36509985
-49.39,0.36509186
-49.4,0.36508387
-49.41,0.36507592
-49.42,0.36506796
-49.43,0.36505997
-49.44,0.36505198
-49.449999999999996,0.365044
-49.46,0.36503604
-49.47,0.36502802
-49.48,0.36502007
-49.49,0.36501208
-49.5,0.36500412
-49.51,0.36499617
-49.519999999999996,0.3649882
-49.53,0.3649802
-49.54,0.36497223
-49.55,0.3649643
-49.56,0.36495635
-49.57,0.36494836
-49.58,0.3649404
-49.589999999999996,0.36493245
-49.6,0.3649245
-49.61,0.3649165
-49.62,0.36490855
-49.63,0.3649006
-49.64,0.3648926
-49.65,0.36488467
-49.66,0.36487672
-49.67,0.36486876
-49.68,0.36486083
-49.69,0.36485285
-49.699999999999996,0.3648449
-49.71,0.36483693
-49.72,0.36482897
-49.73,0.36482102
-49.74,0.3648131
-49.75,0.36480513
-49.76,0.36479717
-49.769999999999996,0.36478922
-49.78,0.3647813
-49.79,0.3647733
-49.8,0.36476538
-49.81,0.36475748
-49.82,0.3647495
-49.83,0.36474156
-49.839999999999996,0.3647336
-49.85,0.36472568
-49.86,0.36471772
-49.87,0.3647098
-49.88,0.36470187
-49.89,0.3646939
-49.9,0.36468595
-49.91,0.36467803
-49.92,0.3646701
-49.93,0.36466217
-49.94,0.36465424
-49.949999999999996,0.36464632
-49.96,0.3646384
-49.97,0.36463046
-49.98,0.36462247
-49.99,0.36461458
-50.0,0.36460665
-50.01,0.3645987
-50.019999999999996,0.36459076
-50.03,0.36458284
-50.04,0.3645749
-50.05,0.36456698
-50.06,0.36455905
-50.07,0.36455113
-50.08,0.3645432
-50.089999999999996,0.36453527
-50.1,0.36452737
-50.11,0.36451945
-50.12,0.36451155
-50.13,0.3645036
-50.14,0.3644957
-50.15,0.3644878
-50.16,0.36447984
-50.17,0.36447194
-50.18,0.36446404
-50.19,0.36445612
-50.199999999999996,0.3644482
-50.21,0.3644403
-50.22,0.3644324
-50.23,0.3644245
-50.24,0.36441657
-50.25,0.36440867
-50.26,0.36440074
-50.269999999999996,0.36439285
-50.28,0.36438495
-50.29,0.36437702
-50.3,0.36436915
-50.31,0.36436123
-50.32,0.36435333
-50.33,0.36434543
-50.339999999999996,0.36433753
-50.35,0.36432964
-50.36,0.36432174
-50.37,0.36431384
-50.38,0.3643059
-50.39,0.36429802
-50.4,0.36429018
-50.41,0.36428225
-50.42,0.36427435
-50.43,0.36426646
-50.44,0.36425856
-50.449999999999996,0.36425066
-50.46,0.36424276
-50.47,0.36423486
-50.48,0.364227
-50.49,0.3642191
-50.5,0.3642112
-50.51,0.36420333
-50.519999999999996,0.36419544
-50.53,0.36418757
-50.54,0.36417967
-50.55,0.36417183
-50.56,0.3641639
-50.57,0.36415607
-50.58,0.36414817
-50.589999999999996,0.36414027
-50.6,0.3641324
-50.61,0.36412454
-50.62,0.36411664
-50.63,0.36410874
-50.64,0.3641009
-50.65,0.364093
-50.66,0.36408514
-50.67,0.36407727
-50.68,0.36406937
-50.69,0.3640615
-50.699999999999996,0.36405367
-50.71,0.36404577
-50.72,0.36403787
-50.73,0.36403003
-50.74,0.36402217
-50.75,0.3640143
-50.76,0.36400643
-50.769999999999996,0.36399856
-50.78,0.36399072
-50.79,0.36398286
-50.8,0.36397496
-50.81,0.36396712
-50.82,0.36395925
-50.83,0.36395139
-50.839999999999996,0.36394355
-50.85,0.36393565
-50.86,0.36392784
-50.87,0.36391997
-50.88,0.36391214
-50.89,0.36390424
-50.9,0.3638964
-50.91,0.36388853
-50.92,0.3638807
-50.93,0.36387283
-50.94,0.363865
-50.949999999999996,0.36385715
-50.96,0.36384928
-50.97,0.36384144
-50.98,0.3638336
-50.99,0.36382574
-51.0,0.3638179
-51.01,0.36381006
-51.019999999999996,0.3638022
-51.03,0.3637944
-51.04,0.36378652
-51.05,0.36377868
-51.06,0.36377087
-51.07,0.363763
-51.08,0.36375517
-51.089999999999996,0.36374733
-51.1,0.3637395
-51.11,0.36373165
-51.12,0.3637238
-51.13,0.363716
-51.14,0.36370814
-51.15,0.36370033
-51.16,0.36369246
-51.17,0.36368468
-51.18,0.36367682
-51.19,0.36366898
-51.199999999999996,0.36366117
-51.21,0.36365333
-51.22,0.3636455
-51.23,0.36363772
-51.24,0.36362988
-51.25,0.36362204
-51.26,0.36361423
-51.269999999999996,0.36360642
-51.28,0.36359856
-51.29,0.36359075
-51.3,0.36358294
-51.31,0.3635751
-51.32,0.3635673
-51.33,0.36355948
-51.339999999999996,0.36355168
-51.35,0.3635438
-51.36,0.36353594
-51.37,0.3635282
-51.38,0.36352035
-51.39,0.36351255
-51.4,0.36350474
-51.41,0.36349693
-51.42,0.36348915
-51.43,0.3634813
-51.44,0.36347347
-51.449999999999996,0.36346567
-51.46,0.3634579
-51.47,0.36345008
-51.48,0.36344227
-51.49,0.36343446
-51.5,0.36342666
-51.51,0.36341885
-51.519999999999996,0.36341104
-51.53,0.36340326
-51.54,0.36339545
-51.55,0.36338767
-51.56,0.36337984
-51.57,0.36337206
-51.58,0.36336425
-51.589999999999996,0.36335647
-51.6,0.36334866
-51.61,0.36334085
-51.62,0.36333308
-51.63,0.36332527
-51.64,0.36331746
-51.65,0.36330968
-51.66,0.3633019
-51.67,0.3632941
-51.68,0.36328632
-51.69,0.36327854
-51.699999999999996,0.36327076
-51.71,0.36326295
-51.72,0.3632552
-51.73,0.3632474
-51.74,0.36323962
-51.75,0.36323178
-51.76,0.36322403
-51.769999999999996,0.36321628
-51.78,0.3632085
-51.79,0.3632007
-51.8,0.3631929
-51.81,0.3631851
-51.82,0.36317736
-51.83,0.36316958
-51.839999999999996,0.3631618
-51.85,0.36315405
-51.86,0.36314628
-51.87,0.3631385
-51.88,0.3631307
-51.89,0.36312294
-51.9,0.36311516
-51.91,0.36310744
-51.92,0.36309963
-51.93,0.36309183
-51.94,0.36308408
-51.949999999999996,0.36307633
-51.96,0.36306855
-51.97,0.3630608
-51.98,0.36305302
-51.99,0.36304528
-52.0,0.36303753
-52.01,0.36302975
-52.019999999999996,0.36302197
-52.03,0.36301422
-52.04,0.36300647
-52.05,0.36299872
-52.06,0.36299092
-52.07,0.36298317
-52.08,0.36297545
-52.089999999999996,0.36296767
-52.1,0.36295992
-52.11,0.36295217
-52.12,0.36294442
-52.13,0.36293668
-52.14,0.36292893
-52.15,0.36292118
-52.16,0.36291337
-52.17,0.36290562
-52.18,0.36289787
-52.19,0.36289012
-52.199999999999996,0.3628824
-52.21,0.36287466
-52.22,0.36286694
-52.23,0.3628592
-52.24,0.36285144
-52.25,0.3628437
-52.26,0.36283594
-52.269999999999996,0.36282825
-52.28,0.36282048
-52.29,0.36281273
-52.3,0.362805
-52.31,0.36279726
-52.32,0.36278954
-52.33,0.3627818
-52.339999999999996,0.36277404
-52.35,0.3627663
-52.36,0.36275858
-52.37,0.36275086
-52.38,0.36274308
-52.39,0.3627354
-52.4,0.36272764
-52.41,0.36271992
-52.42,0.3627122
-52.43,0.36270446
-52.44,0.36269677
-52.449999999999996,0.36268902
-52.46,0.36268127
-52.47,0.36267358
-52.48,0.3626659
-52.49,0.36265814
-52.5,0.36265042
-52.51,0.3626427
-52.519999999999996,0.36263496
-52.53,0.36262727
-52.54,0.36261955
-52.55,0.36261183
-52.56,0.3626041
-52.57,0.3625964
-52.58,0.36258864
-52.589999999999996,0.36258096
-52.6,0.36257324
-52.61,0.36256552
-52.62,0.36255783
-52.63,0.36255008
-52.64,0.36254242
-52.65,0.36253467
-52.66,0.36252698
-52.67,0.36251926
-52.68,0.36251158
-52.69,0.3625039
-52.699999999999996,0.36249614
-52.71,0.36248845
-52.72,0.36248073
-52.73,0.36247304
-52.74,0.36246532
-52.75,0.3624576
-52.76,0.3624499
-52.769999999999996,0.36244223
-52.78,0.36243454
-52.79,0.36242682
-52.8,0.36241913
-52.81,0.36241144
-52.82,0.36240375
-52.83,0.36239606
-52.839999999999996,0.36238837
-52.85,0.36238068
-52.86,0.36237296
-52.87,0.36236528
-52.88,0.36235762
-52.89,0.3623499
-52.9,0.36234218
-52.91,0.3623345
-52.92,0.3623268
-52.93,0.36231914
-52.94,0.36231145
-52.949999999999996,0.3623038
-52.96,0.3622961
-52.97,0.3622884
-52.98,0.36228073
-52.99,0.36227304
-53.0,0.36226535
-53.01,0.36225766
-53.019999999999996,0.36225003
-53.03,0.36224234
-53.04,0.36223465
-53.05,0.36222696
-53.06,0.3622193
-53.07,0.36221164
-53.08,0.36220393
-53.089999999999996,0.3621963
-53.1,0.36218858
-53.11,0.36218095
-53.12,0.36217326
-53.13,0.36216557
-53.14,0.3621579
-53.15,0.36215025
-53.16,0.36214262
-53.17,0.3621349
-53.18,0.36212724
-53.19,0.3621196
-53.199999999999996,0.36211193
-53.21,0.36210424
-53.22,0.3620966
-53.23,0.36208892
-53.24,0.3620813
-53.25,0.3620736
-53.26,0.36206597
-53.269999999999996,0.3620583
-53.28,0.36205062
-53.29,0.36204296
-53.3,0.3620353
-53.31,0.36202765
-53.32,0.36202002
-53.33,0.36201236
-53.339999999999996,0.3620047
-53.35,0.36199707
-53.36,0.3619894
-53.37,0.36198175
-53.38,0.36197412
-53.39,0.3619665
-53.4,0.36195883
-53.41,0.36195114
-53.42,0.36194354
-53.43,0.36193588
-53.44,0.36192822
-53.449999999999996,0.3619206
-53.46,0.36191294
-53.47,0.36190528
-53.48,0.36189768
-53.49,0.36189002
-53.5,0.36188236
-53.51,0.36187473
-53.519999999999996,0.36186713
-53.53,0.36185947
-53.54,0.3618518
-53.55,0.36184418
-53.56,0.36183655
-53.57,0.36182892
-53.58,0.36182132
-53.589999999999996,0.36181363
-53.6,0.36180604
-53.61,0.36179838
-53.62,0.36179078
-53.63,0.36178315
-53.64,0.36177552
-53.65,0.36176786
-53.66,0.36176026
-53.67,0.36175263
-53.68,0.361745
-53.69,0.36173737
-53.699999999999996,0.36172977
-53.71,0.36172217
-53.72,0.3617145
-53.73,0.36170688
-53.74,0.36169928
-53.75,0.36169165
-53.76,0.36168405
-53.769999999999996,0.3616764
-53.78,0.3616688
-53.79,0.36166117
-53.8,0.36165357
-53.81,0.36164594
-53.82,0.36163834
-53.83,0.36163074
-53.839999999999996,0.3616231
-53.85,0.3616155
-53.86,0.36160788
-53.87,0.36160028
-53.88,0.36159268
-53.89,0.36158505
-53.9,0.36157745
-53.91,0.36156985
-53.92,0.36156225
-53.93,0.36155465
-53.94,0.36154702
-53.949999999999996,0.36153942
-53.96,0.36153182
-53.97,0.36152422
-53.98,0.36151662
-53.99,0.36150903
-54.0,0.36150143
-54.01,0.36149386
-54.019999999999996,0.36148626
-54.03,0.36147863
-54.04,0.36147106
-54.05,0.36146346
-54.06,0.36145586
-54.07,0.3614483
-54.08,0.36144066
-54.089999999999996,0.36143306
-54.1,0.36142546
-54.11,0.3614179
-54.12,0.3614103
-54.13,0.36140272
-54.14,0.36139512
-54.15,0.36138755
-54.16,0.36137995
-54.17,0.36137238
-54.18,0.36136478
-54.19,0.3613572
-54.199999999999996,0.3613496
-54.21,0.36134204
-54.22,0.36133447
-54.23,0.36132687
-54.24,0.3613193
-54.25,0.36131173
-54.26,0.36130413
-54.269999999999996,0.36129656
-54.28,0.36128896
-54.29,0.3612814
-54.3,0.36127383
-54.31,0.36126626
-54.32,0.3612587
-54.33,0.36125115
-54.339999999999996,0.36124355
-54.35,0.361236
-54.36,0.3612284
-54.37,0.36122084
-54.38,0.3612133
-54.39,0.36120573
-54.4,0.3611982
-54.41,0.3611906
-54.42,0.361183
-54.43,0.36117545
-54.44,0.36116788
-54.449999999999996,0.36116034
-54.46,0.36115277
-54.47,0.3611452
-54.48,0.36113763
-54.49,0.3611301
-54.5,0.36112255
-54.51,0.36111498
-54.519999999999996,0.36110744
-54.53,0.36109987
-54.54,0.36109227
-54.55,0.36108476
-54.56,0.3610772
-54.57,0.36106962
-54.58,0.36106208
-54.589999999999996,0.36105454
-54.6,0.36104697
-54.61,0.36103943
-54.62,0.3610319
-54.63,0.36102432
-54.64,0.36101678
-54.65,0.3610092
-54.66,0.36100173
-54.67,0.36099413
-54.68,0.36098656
-54.69,0.36097902
-54.699999999999996,0.3609715
-54.71,0.36096397
-54.72,0.36095643
-54.73,0.36094892
-54.74,0.36094135
-54.75,0.3609338
-54.76,0.36092627
-54.769999999999996,0.36091876
-54.78,0.36091122
-54.79,0.36090368
-54.8,0.36089617
-54.81,0.3608886
-54.82,0.3608811
-54.83,0.36087358
-54.839999999999996,0.360866
-54.85,0.3608585
-54.86,0.36085093
-54.87,0.36084342
-54.88,0.3608359
-54.89,0.36082837
-54.9,0.36082083
-54.91,0.36081332
-54.92,0.3608058
-54.93,0.36079824
-54.94,0.36079073
-54.949999999999996,0.36078322
-54.96,0.3607757
-54.97,0.3607682
-54.98,0.36076066
-54.99,0.36075312
-55.0,0.36074564
-55.01,0.36073813
-55.019999999999996,0.3607306
-55.03,0.36072308
-55.04,0.36071557
-55.05,0.36070806
-55.06,0.36070055
-55.07,0.36069304
-55.08,0.36068553
-55.089999999999996,0.36067802
-55.1,0.3606705
-55.11,0.36066297
-55.12,0.3606555
-55.13,0.36064798
-55.14,0.36064047
-55.15,0.36063296
-55.16,0.36062545
-55.17,0.36061794
-55.18,0.36061046
-55.19,0.36060295
-55.199999999999996,0.3605954
-55.21,0.36058795
-55.22,0.36058044
-55.23,0.36057293
-55.24,0.36056545
-55.25,0.3605579
-55.26,0.36055046
-55.269999999999996,0.36054295
-55.28,0.36053547
-55.29,0.36052796
-55.3,0.36052048
-55.31,0.36051297
-55.32,0.36050546
-55.33,0.36049798
-55.339999999999996,0.3604905
-55.35,0.36048302
-55.36,0.3604755
-55.37,0.360468
-55.38,0.36046055
-55.39,0.36045307
-55.4,0.3604456
-55.41,0.36043808
-55.42,0.3604306
-55.43,0.3604231
-55.44,0.36041564
-55.449999999999996,0.36040816
-55.46,0.3604007
-55.47,0.36039317
-55.48,0.36038572
-55.49,0.3603782
-55.5,0.36037076
-55.51,0.3603633
-55.519999999999996,0.36035582
-55.53,0.3603483
-55.54,0.36034083
-55.55,0.36033338
-55.56,0.3603259
-55.57,0.36031842
-55.58,0.36031097
-55.589999999999996,0.3603035
-55.6,0.360296
-55.61,0.36028856
-55.62,0.36028108
-55.63,0.36027363
-55.64,0.36026615
-55.65,0.36025867
-55.66,0.3602512
-55.67,0.36024377
-55.68,0.3602363
-55.69,0.3602288
-55.699999999999996,0.36022142
-55.71,0.3602139
-55.72,0.36020648
-55.73,0.360199
-55.74,0.36019155
-55.75,0.36018407
-55.76,0.36017662
-55.769999999999996,0.36016917
-55.78,0.36016172
-55.79,0.36015424
-55.8,0.3601468
-55.81,0.36013934
-55.82,0.3601319
-55.83,0.36012447
-55.839999999999996,0.36011702
-55.85,0.36010957
-55.86,0.36010212
-55.87,0.36009467
-55.88,0.3600872
-55.89,0.36007977
-55.9,0.3600723
-55.91,0.36006486
-55.92,0.3600574
-55.93,0.36005
-55.94,0.36004254
-55.949999999999996,0.3600351
-55.96,0.36002764
-55.97,0.3600202
-55.98,0.36001274
-55.99,0.36000532
-56.0,0.3599979
-56.01,0.35999045
-56.019999999999996,0.35998303
-56.03,0.35997558
-56.04,0.35996816
-56.05,0.3599607
-56.06,0.35995325
-56.07,0.35994583
-56.08,0.3599384
-56.089999999999996,0.359931
-56.1,0.35992354
-56.11,0.35991612
-56.12,0.3599087
-56.13,0.35990128
-56.14,0.35989383
-56.15,0.3598864
-56.16,0.359879
-56.17,0.35987157
-56.18,0.35986415
-56.19,0.35985672
-56.199999999999996,0.35984927
-56.21,0.35984188
-56.22,0.35983446
-56.23,0.35982704
-56.24,0.35981962
-56.25,0.35981223
-56.26,0.35980478
-56.269999999999996,0.3597974
-56.28,0.35978994
-56.29,0.35978255
-56.3,0.35977516
-56.31,0.35976774
-56.32,0.35976034
-56.33,0.35975292
-56.339999999999996,0.35974547
-56.35,0.35973808
-56.36,0.3597307
-56.37,0.35972327
-56.38,0.35971582
-56.39,0.35970843
-56.4,0.35970104
-56.41,0.35969365
-56.42,0.35968626
-56.43,0.3596788
-56.44,0.35967138
-56.449999999999996,0.359664
-56.46,0.3596566
-56.47,0.35964924
-56.48,0.35964185
-56.49,0.3596344
-56.5,0.35962704
-56.51,0.35961965
-56.519999999999996,0.35961223
-56.53,0.3596048
-56.54,0.35959744
-56.55,0.35959005
-56.56,0.35958263
-56.57,0.35957524
-56.58,0.35956788
-56.589999999999996,0.3595605
-56.6,0.35955307
-56.61,0.35954568
-56.62,0.35953832
-56.63,0.35953093
-56.64,0.35952353
-56.65,0.35951614
-56.66,0.35950872
-56.67,0.35950136
-56.68,0.35949397
-56.69,0.35948658
-56.699999999999996,0.35947925
-56.71,0.35947183
-56.72,0.35946444
-56.73,0.35945708
-56.74,0.35944965
-56.75,0.35944232
-56.76,0.35943493
-56.769999999999996,0.35942757
-56.78,0.3594202
-56.79,0.35941282
-56.8,0.35940546
-56.81,0.35939804
-56.82,0.3593907
-56.83,0.35938334
-56.839999999999996,0.35937595
-56.85,0.35936862
-56.86,0.35936123
-56.87,0.35935384
-56.88,0.3593465
-56.89,0.35933912
-56.9,0.35933173
-56.91,0.3593244
-56.92,0.359317
-56.93,0.3593096
-56.94,0.35930228
-56.949999999999996,0.35929492
-56.96,0.35928756
-56.97,0.3592802
-56.98,0.35927287
-56.99,0.35926548
-57.0,0.35925815
-57.01,0.35925078
-57.019999999999996,0.3592434
-57.03,0.3592361
-57.04,0.3592287
-57.05,0.35922134
-57.06,0.359214
-57.07,0.35920665
-57.08,0.35919932
-57.089999999999996,0.35919195
-57.1,0.3591846
-57.11,0.35917726
-57.12,0.3591699
-57.13,0.35916257
-57.14,0.3591552
-57.15,0.35914785
-57.16,0.35914052
-57.17,0.35913318
-57.18,0.35912582
-57.19,0.35911846
-57.199999999999996,0.35911113
-57.21,0.3591038
-57.22,0.35909644
-57.23,0.3590891
-57.24,0.35908175
-57.25,0.35907444
-57.26,0.3590671
-57.269999999999996,0.35905978
-57.28,0.35905242
-57.29,0.3590451
-57.3,0.35903776
-57.31,0.35903043
-57.32,0.3590231
-57.33,0.35901576
-57.339999999999996,0.35900843
-57.35,0.3590011
-57.36,0.35899377
-57.37,0.3589864
-57.38,0.35897905
-57.39,0.35897177
-57.4,0.3589644
-57.41,0.3589571
-57.42,0.35894984
-57.43,0.3589425
-57.44,0.35893518
-57.449999999999996,0.35892782
-57.46,0.3589205
-57.47,0.35891318
-57.48,0.35890585
-57.49,0.35889855
-57.5,0.35889122
-57.51,0.35888392
-57.519999999999996,0.3588766
-57.53,0.35886928
-57.54,0.35886195
-57.55,0.35885462
-57.56,0.35884732
-57.57,0.35884002
-57.58,0.35883266
-57.589999999999996,0.3588254
-57.6,0.35881808
-57.61,0.35881078
-57.62,0.35880348
-57.63,0.35879615
-57.64,0.35878885
-57.65,0.35878152
-57.66,0.35877421
-57.67,0.3587669
-57.68,0.3587596
-57.69,0.3587523
-57.699999999999996,0.358745
-57.71,0.3587377
-57.72,0.35873044
-57.73,0.3587231
-57.74,0.3587158
-57.75,0.35870853
-57.76,0.35870123
-57.769999999999996,0.35869396
-57.78,0.35868663
-57.79,0.35867935
-57.8,0.35867205
-57.81,0.35866475
-57.82,0.35865742
-57.83,0.35865015
-57.839999999999996,0.35864288
-57.85,0.35863557
-57.86,0.35862824
-57.87,0.358621
-57.88,0.3586137
-57.89,0.35860643
-57.9,0.35859913
-57.91,0.35859185
-57.92,0.35858455
-57.93,0.35857725
-57.94,0.35856998
-57.949999999999996,0.3585627
-57.96,0.35855544
-57.97,0.35854816
-57.98,0.35854083
-57.99,0.3585336
-58.0,0.3585263
-58.01,0.35851902
-58.019999999999996,0.35851175
-58.03,0.35850444
-58.04,0.3584972
-58.05,0.3584899
-58.06,0.3584826
-58.07,0.35847536
-58.08,0.35846806
-58.089999999999996,0.35846078
-58.1,0.3584535
-58.11,0.35844627
-58.12,0.35843897
-58.13,0.35843173
-58.14,0.35842443
-58.15,0.35841718
-58.16,0.35840988
-58.17,0.35840264
-58.18,0.35839537
-58.19,0.35838813
-58.199999999999996,0.35838085
-58.21,0.35837358
-58.22,0.35836634
-58.23,0.3583591
-58.24,0.3583518
-58.25,0.35834455
-58.26,0.3583373
-58.269999999999996,0.35833004
-58.28,0.3583228
-58.29,0.35831553
-58.3,0.35830826
-58.31,0.358301
-58.32,0.35829374
-58.33,0.35828653
-58.339999999999996,0.35827926
-58.35,0.358272
-58.36,0.35826474
-58.37,0.35825747
-58.38,0.35825026
-58.39,0.35824302
-58.4,0.35823575
-58.41,0.3582285
-58.42,0.35822123
-58.43,0.358214
-58.44,0.35820675
-58.449999999999996,0.35819954
-58.46,0.3581923
-58.47,0.358185
-58.48,0.35817778
-58.49,0.35817054
-58.5,0.3581633
-58.51,0.35815606
-58.519999999999996,0.35814884
-58.53,0.35814157
-58.54,0.35813436
-58.55,0.35812712
-58.56,0.3581199
-58.57,0.3581127
-58.58,0.3581054
-58.589999999999996,0.35809818
-58.6,0.35809097
-58.61,0.35808375
-58.62,0.35807648
-58.63,0.35806924
-58.64,0.35806203
-58.65,0.3580548
-58.66,0.35804754
-58.67,0.35804033
-58.68,0.35803312
-58.69,0.3580259
-58.699999999999996,0.3580187
-58.71,0.35801145
-58.72,0.3580042
-58.73,0.357997
-58.74,0.3579898
-58.75,0.35798255
-58.76,0.35797533
-58.769999999999996,0.3579681
-58.78,0.35796088
-58.79,0.35795367
-58.8,0.35794643
-58.81,0.3579392
-58.82,0.357932
-58.83,0.35792482
-58.839999999999996,0.35791758
-58.85,0.35791036
-58.86,0.35790312
-58.87,0.35789594
-58.88,0.35788873
-58.89,0.35788155
-58.9,0.35787427
-58.91,0.35786712
-58.92,0.3578599
-58.93,0.3578527
-58.94,0.3578455
-58.949999999999996,0.35783827
-58.96,0.35783106
-58.97,0.35782385
-58.98,0.35781667
-58.99,0.35780948
-59.0,0.35780227
-59.01,0.35779506
-59.019999999999996,0.35778788
-59.03,0.3577807
-59.04,0.35777348
-59.05,0.35776627
-59.06,0.3577591
-59.07,0.3577519
-59.08,0.3577447
-59.089999999999996,0.35773748
-59.1,0.35773033
-59.11,0.3577231
-59.12,0.3577159
-59.13,0.3577087
-59.14,0.3577015
-59.15,0.3576943
-59.16,0.35768715
-59.17,0.35767993
-59.18,0.35767278
-59.19,0.35766557
-59.199999999999996,0.3576584
-59.21,0.35765123
-59.22,0.35764402
-59.23,0.35763687
-59.24,0.35762966
-59.25,0.35762247
-59.26,0.3576153
-59.269999999999996,0.35760814
-59.28,0.35760093
-59.29,0.35759374
-59.3,0.3575866
-59.31,0.3575794
-59.32,0.35757223
-59.33,0.35756505
-59.339999999999996,0.3575579
-59.35,0.35755068
-59.36,0.35754353
-59.37,0.35753638
-59.38,0.3575292
-59.39,0.357522
-59.4,0.35751486
-59.41,0.35750768
-59.42,0.35750052
-59.43,0.35749334
-59.44,0.35748616
-59.449999999999996,0.35747898
-59.46,0.35747182
-59.47,0.35746464
-59.48,0.35745752
-59.49,0.35745034
-59.5,0.3574432
-59.51,0.35743603
-59.519999999999996,0.35742888
-59.53,0.3574217
-59.54,0.35741448
-59.55,0.35740736
-59.56,0.3574002
-59.57,0.3573931
-59.58,0.35738587
-59.589999999999996,0.35737875
-59.6,0.35737163
-59.61,0.35736442
-59.62,0.35735726
-59.63,0.35735014
-59.64,0.357343
-59.65,0.3573358
-59.66,0.35732865
-59.67,0.3573215
-59.68,0.35731438
-59.69,0.35730723
-59.699999999999996,0.35730007
-59.71,0.35729292
-59.72,0.3572858
-59.73,0.35727865
-59.74,0.35727146
-59.75,0.35726434
-59.76,0.35725722
-59.769999999999996,0.3572501
-59.78,0.35724294
-59.79,0.3572358
-59.8,0.35722864
-59.81,0.3572215
-59.82,0.35721436
-59.83,0.3572072
-59.839999999999996,0.3572001
-59.85,0.35719296
-59.86,0.3571858
-59.87,0.35717866
-59.88,0.35717157
-59.89,0.3571644
-59.9,0.3571573
-59.91,0.35715014
-59.92,0.357143
-59.93,0.3571359
-59.94,0.35712877
-59.949999999999996,0.3571216
-59.96,0.35711452
-59.97,0.35710734
-59.98,0.35710025
-59.99,0.35709313
-60.0,0.357086
-60.01,0.35707888
-60.019999999999996,0.35707176
-60.03,0.35706463
-60.04,0.3570575
-60.05,0.3570504
-60.06,0.35704327
-60.07,0.35703614
-60.08,0.35702902
-60.089999999999996,0.35702193
-60.1,0.35701483
-60.11,0.35700768
-60.12,0.35700056
-60.13,0.35699344
-60.14,0.35698634
-60.15,0.35697925
-60.16,0.35697213
-60.17,0.356965
-60.18,0.3569579
-60.19,0.3569508
-60.199999999999996,0.3569437
-60.21,0.35693654
-60.22,0.35692948
-60.23,0.35692233
-60.24,0.35691527
-60.25,0.35690814
-60.26,0.35690105
-60.269999999999996,0.35689393
-60.28,0.3568868
-60.29,0.3568797
-60.3,0.35687262
-60.31,0.35686553
-60.32,0.35685843
-60.33,0.35685134
-60.339999999999996,0.35684422
-60.35,0.35683715
-60.36,0.35683006
-60.37,0.35682294
-60.38,0.35681581
-60.39,0.35680878
-60.4,0.35680163
-60.41,0.35679454
-60.42,0.35678744
-60.43,0.35678035
-60.44,0.3567733
-60.449999999999996,0.3567662
-60.46,0.3567591
-60.47,0.35675204
-60.48,0.35674492
-60.49,0.35673785
-60.5,0.35673076
-60.51,0.35672367
-60.519999999999996,0.35671657
-60.53,0.3567095
-60.54,0.35670242
-60.55,0.35669535
-60.56,0.35668826
-60.57,0.35668117
-60.58,0.35667408
-60.589999999999996,0.35666698
-60.6,0.35665995
-60.61,0.35665286
-60.62,0.3566458
-60.63,0.3566387
-60.64,0.35663164
-60.65,0.35662454
-60.66,0.35661748
-60.67,0.35661042
-60.68,0.35660332
-60.69,0.35659626
-60.699999999999996,0.3565892
-60.71,0.35658213
-60.72,0.35657504
-60.73,0.35656798
-60.74,0.35656092
-60.75,0.35655385
-60.76,0.3565468
-60.769999999999996,0.35653973
-60.78,0.35653263
-60.79,0.3565256
-60.8,0.3565185
-60.81,0.3565114
-60.82,0.35650438
-60.83,0.35649732
-60.839999999999996,0.35649028
-60.85,0.35648322
-60.86,0.35647616
-60.87,0.3564691
-60.88,0.35646203
-60.89,0.356455
-60.9,0.35644794
-60.91,0.35644087
-60.92,0.35643384
-60.93,0.35642678
-60.94,0.35641968
-60.949999999999996,0.35641265
-60.96,0.35640556
-60.97,0.35639852
-60.98,0.3563915
-60.99,0.35638446
-61.0,0.35637742
-61.01,0.35637036
-61.019999999999996,0.3563633
-61.03,0.35635626
-61.04,0.3563492
-61.05,0.35634214
-61.06,0.3563351
-61.07,0.35632807
-61.08,0.356321
-61.089999999999996,0.356314
-61.1,0.35630697
-61.11,0.35629994
-61.12,0.35629287
-61.13,0.3562858
-61.14,0.35627878
-61.15,0.35627174
-61.16,0.3562647
-61.17,0.35625768
-61.18,0.35625064
-61.19,0.3562436
-61.199999999999996,0.3562366
-61.21,0.35622954
-61.22,0.35622257
-61.23,0.3562155
-61.24,0.35620847
-61.25,0.35620144
-61.26,0.35619444
-61.269999999999996,0.3561874
-61.28,0.35618037
-61.29,0.35617334
-61.3,0.3561663
-61.31,0.35615927
-61.32,0.35615224
-61.33,0.35614526
-61.339999999999996,0.3561382
-61.35,0.35613117
-61.36,0.35612413
-61.37,0.35611716
-61.38,0.35611013
-61.39,0.3561031
-61.4,0.3560961
-61.41,0.35608906
-61.42,0.35608208
-61.43,0.35607505
-61.44,0.35606804
-61.449999999999996,0.35606104
-61.46,0.35605398
-61.47,0.35604697
-61.48,0.35603994
-61.49,0.35603297
-61.5,0.35602596
-61.51,0.35601896
-61.519999999999996,0.35601193
-61.53,0.35600492
-61.54,0.3559979
-61.55,0.35599092
-61.56,0.3559839
-61.57,0.35597688
-61.58,0.3559699
-61.589999999999996,0.35596287
-61.6,0.3559559
-61.61,0.35594887
-61.62,0.3559419
-61.63,0.3559349
-61.64,0.35592788
-61.65,0.35592085
-61.66,0.35591388
-61.67,0.35590687
-61.68,0.3558999
-61.69,0.3558929
-61.7,0.35588586
-61.71,0.35587892
-61.72,0.35587192
-61.73,0.35586494
-61.74,0.35585794
-61.75,0.35585093
-61.76,0.35584396
-61.769999999999996,0.355837
-61.78,0.35582998
-61.79,0.35582295
-61.8,0.35581598
-61.81,0.35580897
-61.82,0.35580197
-61.83,0.355795
-61.839999999999996,0.35578802
-61.85,0.35578108
-61.86,0.35577404
-61.87,0.3557671
-61.88,0.3557601
-61.89,0.35575315
-61.9,0.35574612
-61.91,0.35573918
-61.92,0.35573217
-61.93,0.3557252
-61.94,0.35571823
-61.95,0.35571125
-61.96,0.35570428
-61.97,0.3556973
-61.98,0.3556903
-61.99,0.35568333
-62.0,0.35567638
-62.01,0.35566938
-62.019999999999996,0.3556624
-62.03,0.3556555
-62.04,0.35564852
-62.05,0.35564154
-62.06,0.35563454
-62.07,0.35562757
-62.08,0.35562062
-62.089999999999996,0.35561368
-62.1,0.35560668
-62.11,0.35559973
-62.12,0.35559276
-62.13,0.35558578
-62.14,0.35557884
-62.15,0.3555719
-62.16,0.35556492
-62.17,0.35555798
-62.18,0.355551
-62.19,0.35554403
-62.2,0.35553712
-62.21,0.35553014
-62.22,0.35552317
-62.23,0.35551625
-62.24,0.35550928
-62.25,0.3555023
-62.26,0.35549536
-62.269999999999996,0.3554884
-62.28,0.35548145
-62.29,0.35547447
-62.3,0.35546756
-62.31,0.3554606
-62.32,0.35545367
-62.33,0.3554467
-62.339999999999996,0.35543975
-62.35,0.3554328
-62.36,0.35542586
-62.37,0.3554189
-62.38,0.35541198
-62.39,0.35540503
-62.4,0.3553981
-62.41,0.35539114
-62.42,0.3553842
-62.43,0.35537723
-62.44,0.35537034
-62.45,0.35536337
-62.46,0.35535645
-62.47,0.35534948
-62.48,0.35534257
-62.49,0.35533562
-62.5,0.35532868
-62.51,0.35532176
-62.519999999999996,0.3553148
-62.53,0.3553079
-62.54,0.35530096
-62.55,0.355294
-62.56,0.35528708
-62.57,0.35528016
-62.58,0.35527322
-62.589999999999996,0.35526627
-62.6,0.35525936
-62.61,0.35525244
-62.62,0.35524553
-62.63,0.3552386
-62.64,0.35523167
-62.65,0.35522473
-62.66,0.3552178
-62.67,0.3552109
-62.68,0.355204
-62.69,0.35519707
-62.7,0.35519016
-62.71,0.35518324
-62.72,0.3551763
-62.73,0.3551694
-62.74,0.35516244
-62.75,0.35515556
-62.76,0.3551486
-62.769999999999996,0.35514173
-62.78,0.35513481
-62.79,0.3551279
-62.8,0.35512096
-62.81,0.35511407
-62.82,0.35510716
-62.83,0.35510027
-62.839999999999996,0.35509333
-62.85,0.35508642
-62.86,0.35507947
-62.87,0.3550726
-62.88,0.35506567
-62.89,0.35505876
-62.9,0.35505188
-62.91,0.35504502
-62.92,0.3550381
-62.93,0.3550312
-62.94,0.35502428
-62.95,0.35501736
-62.96,0.35501048
-62.97,0.3550036
-62.98,0.35499668
-62.99,0.35498977
-63.0,0.35498285
-63.01,0.354976
-63.019999999999996,0.35496908
-63.03,0.35496217
-63.04,0.35495532
-63.05,0.3549484
-63.06,0.3549415
-63.07,0.3549346
-63.08,0.35492772
-63.089999999999996,0.35492083
-63.1,0.35491395
-63.11,0.35490704
-63.12,0.35490015
-63.13,0.35489327
-63.14,0.3548864
-63.15,0.35487947
-63.16,0.35487258
-63.17,0.35486573
-63.18,0.35485882
-63.19,0.35485196
-63.2,0.35484508
-63.21,0.3548382
-63.22,0.35483128
-63.23,0.35482442
-63.24,0.35481754
-63.25,0.35481066
-63.26,0.3548038
-63.269999999999996,0.3547969
-63.28,0.35479003
-63.29,0.35478312
-63.3,0.3547763
-63.31,0.3547694
-63.32,0.35476252
-63.33,0.35475564
-63.339999999999996,0.35474873
-63.35,0.3547419
-63.36,0.35473505
-63.37,0.35472816
-63.38,0.35472128
-63.39,0.3547144
-63.4,0.35470757
-63.41,0.35470068
-63.42,0.35469377
-63.43,0.35468692
-63.44,0.35468006
-63.45,0.3546732
-63.46,0.35466635
-63.47,0.35465947
-63.48,0.3546526
-63.49,0.3546458
-63.5,0.35463887
-63.51,0.35463202
-63.519999999999996,0.35462517
-63.53,0.3546183
-63.54,0.35461146
-63.55,0.3546046
-63.56,0.35459775
-63.57,0.3545909
-63.58,0.354584
-63.589999999999996,0.35457715
-63.6,0.3545703
-63.61,0.35456347
-63.62,0.3545566
-63.63,0.35454977
-63.64,0.3545429
-63.65,0.35453606
-63.66,0.3545292
-63.67,0.35452235
-63.68,0.3545155
-63.69,0.35450864
-63.7,0.3545018
-63.71,0.35449496
-63.72,0.35448813
-63.73,0.35448128
-63.74,0.3544744
-63.75,0.35446757
-63.76,0.35446075
-63.769999999999996,0.3544539
-63.78,0.35444704
-63.79,0.3544402
-63.8,0.3544334
-63.81,0.35442656
-63.82,0.3544197
-63.83,0.35441285
-63.839999999999996,0.35440606
-63.85,0.35439917
-63.86,0.35439238
-63.87,0.35438555
-63.88,0.3543787
-63.89,0.3543719
-63.9,0.35436502
-63.91,0.35435817
-63.92,0.35435134
-63.93,0.35434452
-63.94,0.3543377
-63.95,0.35433093
-63.96,0.35432404
-63.97,0.35431722
-63.98,0.35431042
-63.99,0.3543036
-64.0,0.35429677
-64.01,0.35428995
-64.02000000000001,0.35428312
-64.03,0.35427627
-64.04,0.3542695
-64.05000000000001,0.35426265
-64.06,0.35425586
-64.07000000000001,0.35424906
-64.08000000000001,0.3542422
-64.09,0.3542354
-64.10000000000001,0.35422856
-64.11,0.35422176
-64.12,0.3542149
-64.13000000000001,0.3542081
-64.14,0.35420132
-64.15,0.3541945
-64.16000000000001,0.35418767
-64.17,0.35418087
-64.18,0.35417402
-64.19000000000001,0.35416722
-64.2,0.35416043
-64.21000000000001,0.3541536
-64.22000000000001,0.3541468
-64.23,0.35414
-64.24000000000001,0.3541332
-64.25,0.3541264
-64.26,0.3541196
-64.27000000000001,0.35411277
-64.28,0.35410595
-64.29,0.35409915
-64.30000000000001,0.35409233
-64.31,0.35408556
-64.32000000000001,0.35407874
-64.33000000000001,0.35407194
-64.34,0.35406515
-64.35000000000001,0.35405838
-64.36,0.35405156
-64.37,0.3540448
-64.38000000000001,0.35403797
-64.39,0.35403118
-64.4,0.35402438
-64.41000000000001,0.35401756
-64.42,0.35401076
-64.43,0.354004
-64.44000000000001,0.35399717
-64.45,0.3539904
-64.46000000000001,0.3539836
-64.47000000000001,0.35397685
-64.48,0.35397002
-64.49000000000001,0.3539633
-64.5,0.35395646
-64.51,0.3539497
-64.52000000000001,0.35394287
-64.53,0.3539361
-64.54,0.35392934
-64.55000000000001,0.35392252
-64.56,0.35391575
-64.57000000000001,0.35390896
-64.58000000000001,0.35390216
-64.59,0.35389543
-64.60000000000001,0.35388866
-64.61,0.35388184
-64.62,0.35387507
-64.63000000000001,0.35386825
-64.64,0.3538615
-64.65,0.35385472
-64.66000000000001,0.35384792
-64.67,0.3538412
-64.68,0.3538344
-64.69000000000001,0.35382763
-64.7,0.35382086
-64.71000000000001,0.3538141
-64.72000000000001,0.35380733
-64.73,0.35380054
-64.74000000000001,0.35379377
-64.75,0.353787
-64.76,0.35378024
-64.77000000000001,0.35377347
-64.78,0.35376668
-64.79,0.35375994
-64.80000000000001,0.35375318
-64.81,0.35374638
-64.82000000000001,0.35373965
-64.83000000000001,0.35373285
-64.84,0.3537261
-64.85000000000001,0.35371935
-64.86,0.35371256
-64.87,0.35370582
-64.88000000000001,0.35369906
-64.89,0.3536923
-64.9,0.3536855
-64.91000000000001,0.3536788
-64.92,0.35367203
-64.93,0.35366526
-64.94000000000001,0.3536585
-64.95,0.35365176
-64.96000000000001,0.353645
-64.97000000000001,0.35363823
-64.98,0.3536315
-64.99000000000001,0.35362473
-65.0,0.35361797
-65.01,0.35361123
-65.02000000000001,0.3536045
-65.03,0.35359773
-65.04,0.353591
-65.05000000000001,0.35358426
-65.06,0.3535775
-65.07000000000001,0.35357076
-65.08000000000001,0.353564
-65.09,0.35355726
-65.10000000000001,0.35355055
-65.11,0.3535438
-65.12,0.35353702
-65.13000000000001,0.35353026
-65.14,0.35352352
-65.15,0.35351682
-65.16000000000001,0.35351002
-65.17,0.35350335
-65.18,0.35349658
-65.19000000000001,0.35348982
-65.2,0.3534831
-65.21000000000001,0.35347635
-65.22000000000001,0.3534696
-65.23,0.3534629
-65.24000000000001,0.35345614
-65.25,0.35344943
-65.26,0.3534427
-65.27000000000001,0.35343593
-65.28,0.35342923
-65.29,0.35342252
-65.30000000000001,0.35341576
-65.31,0.35340905
-65.32000000000001,0.35340232
-65.33000000000001,0.35339558
-65.34,0.35338885
-65.35000000000001,0.3533821
-65.36,0.3533754
-65.37,0.3533687
-65.38000000000001,0.35336196
-65.39,0.35335523
-65.4,0.3533485
-65.41000000000001,0.3533418
-65.42,0.35333508
-65.43,0.35332835
-65.44000000000001,0.3533216
-65.45,0.35331494
-65.46000000000001,0.35330817
-65.47000000000001,0.35330147
-65.48,0.3532948
-65.49000000000001,0.35328805
-65.5,0.35328135
-65.51,0.35327458
-65.52000000000001,0.3532679
-65.53,0.35326117
-65.54,0.35325444
-65.55000000000001,0.35324776
-65.56,0.35324103
-65.57000000000001,0.35323435
-65.58000000000001,0.35322762
-65.59,0.35322094
-65.60000000000001,0.3532142
-65.61,0.35320753
-65.62,0.35320076
-65.63000000000001,0.35319412
-65.64,0.35318738
-65.65,0.35318068
-65.66000000000001,0.35317397
-65.67,0.3531673
-65.68,0.35316056
-65.69000000000001,0.35315388
-65.7,0.35314718
-65.71000000000001,0.35314044
-65.72000000000001,0.35313374
-65.73,0.35312706
-65.74000000000001,0.35312033
-65.75,0.35311365
-65.76,0.35310698
-65.77000000000001,0.35310024
-65.78,0.35309356
-65.79,0.3530869
-65.80000000000001,0.35308018
-65.81,0.3530735
-65.82000000000001,0.3530668
-65.83000000000001,0.35306013
-65.84,0.35305342
-65.85000000000001,0.35304675
-65.86,0.35304
-65.87,0.35303336
-65.88000000000001,0.3530267
-65.89,0.35301998
-65.9,0.35301328
-65.91000000000001,0.3530066
-65.92,0.35299993
-65.93,0.35299325
-65.94000000000001,0.3529865
-65.95,0.35297987
-65.96000000000001,0.35297316
-65.97000000000001,0.3529665
-65.98,0.3529598
-65.99000000000001,0.35295314
-66.0,0.35294646
-66.01,0.35293978
-66.02000000000001,0.3529331
-66.03,0.35292643
-66.04,0.3529198
-66.05000000000001,0.35291308
-66.06,0.3529064
-66.07000000000001,0.35289973
-66.08000000000001,0.35289305
-66.09,0.35288638
-66.10000000000001,0.3528797
-66.11,0.35287306
-66.12,0.35286635
-66.13000000000001,0.3528597
-66.14,0.35285303
-66.15,0.35284638
-66.16000000000001,0.35283965
-66.17,0.35283303
-66.18,0.35282636
-66.19000000000001,0.35281968
-66.2,0.35281304
-66.21000000000001,0.35280636
-66.22000000000001,0.35279965
-66.23,0.35279304
-66.24000000000001,0.35278636
-66.25,0.3527797
-66.26,0.35277307
-66.27000000000001,0.3527664
-66.28,0.35275972
-66.29,0.35275307
-66.30000000000001,0.3527464
-66.31,0.35273975
-66.32000000000001,0.35273314
-66.33000000000001,0.3527264
-66.34,0.35271978
-66.35000000000001,0.3527131
-66.36,0.35270646
-66.37,0.35269985
-66.38000000000001,0.35269317
-66.39,0.35268652
-66.4,0.35267985
-66.41000000000001,0.3526732
-66.42,0.35266656
-66.43,0.35265988
-66.44000000000001,0.35265326
-66.45,0.35264662
-66.46000000000001,0.35263994
-66.47000000000001,0.35263333
-66.48,0.35262668
-66.49000000000001,0.35262
-66.5,0.35261342
-66.51,0.3526067
-66.52000000000001,0.3526001
-66.53,0.35259348
-66.54,0.3525868
-66.55000000000001,0.35258016
-66.56,0.35257354
-66.57000000000001,0.35256687
-66.58000000000001,0.35256025
-66.59,0.3525536
-66.60000000000001,0.352547
-66.61,0.35254034
-66.62,0.3525337
-66.63000000000001,0.35252705
-66.64,0.3525204
-66.65,0.3525138
-66.66000000000001,0.35250717
-66.67,0.35250056
-66.68,0.3524939
-66.69000000000001,0.35248727
-66.7,0.35248065
-66.71000000000001,0.35247403
-66.72000000000001,0.35246742
-66.73,0.35246074
-66.74000000000001,0.35245413
-66.75,0.35244748
-66.76,0.35244086
-66.77000000000001,0.35243425
-66.78,0.35242766
-66.79,0.352421
-66.80000000000001,0.3524144
-66.81,0.35240778
-66.82000000000001,0.35240114
-66.83000000000001,0.3523945
-66.84,0.3523879
-66.85000000000001,0.3523813
-66.86,0.35237467
-66.87,0.35236806
-66.88000000000001,0.35236144
-66.89,0.35235482
-66.9,0.3523482
-66.91000000000001,0.3523416
-66.92,0.35233498
-66.93,0.35232836
-66.94000000000001,0.35232174
-66.95,0.35231516
-66.96000000000001,0.3523085
-66.97000000000001,0.35230193
-66.98,0.35229528
-66.99000000000001,0.35228872
-67.0,0.35228208
-67.01,0.3522755
-67.02000000000001,0.35226887
-67.03,0.35226223
-67.04,0.35225564
-67.05000000000001,0.35224903
-67.06,0.35224244
-67.07000000000001,0.35223588
-67.08000000000001,0.35222924
-67.09,0.35222262
-67.10000000000001,0.352216
-67.11,0.35220945
-67.12,0.35220283
-67.13000000000001,0.35219625
-67.14,0.35218963
-67.15,0.35218304
-67.16000000000001,0.35217643
-67.17,0.35216984
-67.18,0.35216326
-67.19000000000001,0.35215664
-67.2,0.35215008
-67.21000000000001,0.35214347
-67.22000000000001,0.35213685
-67.23,0.35213026
-67.24000000000001,0.3521237
-67.25,0.35211712
-67.26,0.35211048
-67.27000000000001,0.35210392
-67.28,0.35209733
-67.29,0.35209075
-67.30000000000001,0.35208416
-67.31,0.35207757
-67.32000000000001,0.352071
-67.33000000000001,0.3520644
-67.34,0.35205784
-67.35000000000001,0.35205126
-67.36,0.35204464
-67.37,0.35203806
-67.38000000000001,0.35203147
-67.39,0.35202485
-67.4,0.3520183
-67.41000000000001,0.3520117
-67.42,0.35200512
-67.43,0.35199857
-67.44000000000001,0.35199198
-67.45,0.3519854
-67.46000000000001,0.35197884
-67.47000000000001,0.35197228
-67.48,0.35196573
-67.49000000000001,0.3519591
-67.5,0.35195252
-67.51,0.35194597
-67.52000000000001,0.3519394
-67.53,0.35193285
-67.54,0.35192627
-67.55000000000001,0.3519197
-67.56,0.35191315
-67.57000000000001,0.35190654
-67.58000000000001,0.35189998
-67.59,0.35189342
-67.60000000000001,0.35188687
-67.61,0.3518803
-67.62,0.35187373
-67.63000000000001,0.3518672
-67.64,0.35186058
-67.65,0.35185406
-67.66000000000001,0.35184744
-67.67,0.3518409
-67.68,0.3518344
-67.69000000000001,0.35182777
-67.7,0.35182124
-67.71000000000001,0.3518147
-67.72000000000001,0.35180813
-67.73,0.35180154
-67.74000000000001,0.35179502
-67.75,0.35178846
-67.76,0.3517819
-67.77000000000001,0.35177532
-67.78,0.35176876
-67.79,0.35176224
-67.80000000000001,0.35175568
-67.81,0.35174912
-67.82000000000001,0.3517426
-67.83000000000001,0.351736
-67.84,0.35172945
-67.85000000000001,0.35172293
-67.86,0.35171637
-67.87,0.35170984
-67.88000000000001,0.3517033
-67.89,0.35169673
-67.9,0.3516902
-67.91000000000001,0.35168365
-67.92,0.35167712
-67.93,0.3516706
-67.94000000000001,0.351664
-67.95,0.35165748
-67.96000000000001,0.35165092
-67.97000000000001,0.3516444
-67.98,0.3516379
-67.99000000000001,0.3516313
-68.0,0.35162482
-68.01,0.35161826
-68.02000000000001,0.3516117
-68.03,0.35160518
-68.04,0.35159868
-68.05000000000001,0.3515921
-68.06,0.35158557
-68.07000000000001,0.35157904
-68.08000000000001,0.3515725
-68.09,0.351566
-68.10000000000001,0.35155946
-68.11,0.35155293
-68.12,0.35154638
-68.13000000000001,0.35153985
-68.14,0.35153332
-68.15,0.35152683
-68.16000000000001,0.35152027
-68.17,0.35151374
-68.18,0.35150725
-68.19000000000001,0.35150066
-68.2,0.35149413
-68.21000000000001,0.35148764
-68.22000000000001,0.3514811
-68.23,0.35147458
-68.24000000000001,0.35146806
-68.25,0.35146156
-68.26,0.35145503
-68.27000000000001,0.35144854
-68.28,0.35144198
-68.29,0.35143548
-68.30000000000001,0.35142893
-68.31,0.35142243
-68.32000000000001,0.3514159
-68.33000000000001,0.3514094
-68.34,0.35140288
-68.35000000000001,0.35139638
-68.36000000000001,0.35138986
-68.37,0.35138333
-68.38000000000001,0.35137683
-68.39,0.35137033
-68.4,0.35136384
-68.41000000000001,0.3513573
-68.42,0.3513508
-68.43,0.3513443
-68.44000000000001,0.35133776
-68.45,0.35133132
-68.46000000000001,0.35132477
-68.47000000000001,0.3513183
-68.48,0.35131174
-68.49000000000001,0.35130528
-68.5,0.35129875
-68.51,0.35129225
-68.52000000000001,0.35128576
-68.53,0.35127926
-68.54,0.35127276
-68.55000000000001,0.35126626
-68.56,0.35125977
-68.57000000000001,0.35125327
-68.58000000000001,0.35124677
-68.59,0.35124028
-68.60000000000001,0.35123378
-68.61000000000001,0.35122728
-68.62,0.35122076
-68.63000000000001,0.3512143
-68.64,0.3512078
-68.65,0.3512013
-68.66000000000001,0.35119477
-68.67,0.3511883
-68.68,0.35118183
-68.69000000000001,0.35117537
-68.7,0.35116884
-68.71000000000001,0.35116234
-68.72000000000001,0.35115588
-68.73,0.35114938
-68.74000000000001,0.35114288
-68.75,0.3511364
-68.76,0.3511299
-68.77000000000001,0.35112342
-68.78,0.35111696
-68.79,0.35111046
-68.80000000000001,0.35110402
-68.81,0.35109752
-68.82000000000001,0.35109103
-68.83000000000001,0.3510845
-68.84,0.35107806
-68.85000000000001,0.3510716
-68.86000000000001,0.3510651
-68.87,0.35105863
-68.88000000000001,0.35105217
-68.89,0.35104567
-68.9,0.3510392
-68.91000000000001,0.3510327
-68.92,0.35102624
-68.93,0.35101977
-68.94000000000001,0.3510133
-68.95,0.3510068
-68.96000000000001,0.35100037
-68.97000000000001,0.35099387
-68.98,0.3509874
-68.99000000000001,0.35098097
-69.0,0.3509745
-69.01,0.350968
-69.02000000000001,0.35096157
-69.03,0.3509551
-69.04,0.3509486
-69.05000000000001,0.35094213
-69.06,0.35093567
-69.07000000000001,0.3509292
-69.08000000000001,0.35092273
-69.09,0.3509163
-69.10000000000001,0.35090983
-69.11000000000001,0.35090333
-69.12,0.3508969
-69.13000000000001,0.35089046
-69.14,0.35088396
-69.15,0.35087752
-69.16000000000001,0.35087106
-69.17,0.35086465
-69.18,0.35085815
-69.19000000000001,0.35085166
-69.2,0.35084522
-69.21000000000001,0.35083878
-69.22000000000001,0.3508323
-69.23,0.35082588
-69.24000000000001,0.35081944
-69.25,0.35081294
-69.26,0.35080653
-69.27000000000001,0.3508001
-69.28,0.3507936
-69.29,0.35078716
-69.30000000000001,0.35078073
-69.31,0.3507743
-69.32000000000001,0.35076782
-69.33000000000001,0.35076138
-69.34,0.35075492
-69.35000000000001,0.35074848
-69.36000000000001,0.35074207
-69.37,0.3507356
-69.38000000000001,0.35072917
-69.39,0.35072273
-69.4,0.3507163
-69.41000000000001,0.35070986
-69.42,0.35070345
-69.43,0.35069692
-69.44000000000001,0.3506905
-69.45,0.3506841
-69.46000000000001,0.35067767
-69.47000000000001,0.35067123
-69.48,0.3506648
-69.49000000000001,0.35065833
-69.5,0.35065186
-69.51,0.35064545
-69.52000000000001,0.35063902
-69.53,0.3506326
-69.54,0.35062617
-69.55000000000001,0.35061973
-69.56,0.3506133
-69.57000000000001,0.35060692
-69.58000000000001,0.35060042
-69.59,0.350594
-69.60000000000001,0.3505876
-69.61000000000001,0.35058117
-69.62,0.35057476
-69.63000000000001,0.35056832
-69.64,0.35056192
-69.65,0.35055548
-69.66000000000001,0.35054907
-69.67,0.35054263
-69.68,0.35053623
-69.69000000000001,0.3505298
-69.7,0.35052335
-69.71000000000001,0.35051695
-69.72000000000001,0.3505105
-69.73,0.35050413
-69.74000000000001,0.35049772
-69.75,0.3504913
-69.76,0.35048488
-69.77000000000001,0.35047847
-69.78,0.35047206
-69.79,0.35046563
-69.80000000000001,0.35045916
-69.81,0.3504528
-69.82000000000001,0.35044637
-69.83000000000001,0.35043997
-69.84,0.35043353
-69.85000000000001,0.35042715
-69.86000000000001,0.3504207
-69.87,0.35041434
-69.88000000000001,0.35040793
-69.89,0.35040152
-69.9,0.3503951
-69.91000000000001,0.3503887
-69.92,0.35038227
-69.93,0.3503759
-69.94000000000001,0.35036945
-69.95,0.35036308
-69.96000000000001,0.35035667
-69.97000000000001,0.35035026
-69.98,0.35034385
-69.99000000000001,0.35033748
-70.0,0.35033104
-70.01,0.35032466
-70.02000000000001,0.35031828
-70.03,0.35031188
-70.04,0.35030547
-70.05000000000001,0.3502991
-70.06,0.35029268
-70.07000000000001,0.35028628
-70.08000000000001,0.35027987
-70.09,0.3502735
-70.10000000000001,0.3502671
-70.11000000000001,0.35026067
-70.12,0.3502543
-70.13000000000001,0.35024792
-70.14,0.35024154
-70.15,0.35023513
-70.16000000000001,0.35022873
-70.17,0.35022235
-70.18,0.35021597
-70.19000000000001,0.3502096
-70.2,0.3502032
-70.21000000000001,0.3501968
-70.22000000000001,0.3501904
-70.23,0.350184
-70.24000000000001,0.35017765
-70.25,0.35017127
-70.26,0.3501649
-70.27000000000001,0.35015845
-70.28,0.3501521
-70.29,0.35014573
-70.30000000000001,0.35013935
-70.31,0.35013294
-70.32000000000001,0.3501266
-70.33000000000001,0.3501202
-70.34,0.35011384
-70.35000000000001,0.3501075
-70.36000000000001,0.3501011
-70.37,0.35009474
-70.38000000000001,0.35008833
-70.39,0.350082
-70.4,0.3500756
-70.41000000000001,0.3500692
-70.42,0.35006285
-70.43,0.3500565
-70.44000000000001,0.3500501
-70.45,0.3500437
-70.46000000000001,0.3500374
-70.47000000000001,0.35003102
-70.48,0.3500246
-70.49000000000001,0.35001826
-70.5,0.35001191
-70.51,0.35000557
-70.52000000000001,0.3499992
-70.53,0.3499928
-70.54,0.34998646
-70.55000000000001,0.34998006
-70.56,0.34997374
-70.57000000000001,0.34996736
-70.58000000000001,0.349961
-70.59,0.34995466
-70.60000000000001,0.3499483
-70.61000000000001,0.34994194
-70.62,0.3499356
-70.63000000000001,0.3499292
-70.64,0.34992287
-70.65,0.3499165
-70.66000000000001,0.34991014
-70.67,0.34990376
-70.68,0.3498974
-70.69000000000001,0.34989107
-70.7,0.34988472
-70.71000000000001,0.34987837
-70.72000000000001,0.349872
-70.73,0.34986567
-70.74000000000001,0.34985933
-70.75,0.34985298
-70.76,0.3498466
-70.77000000000001,0.34984028
-70.78,0.34983394
-70.79,0.3498276
-70.80000000000001,0.34982124
-70.81,0.3498149
-70.82000000000001,0.34980857
-70.83000000000001,0.34980223
-70.84,0.34979582
-70.85000000000001,0.3497895
-70.86000000000001,0.34978315
-70.87,0.3497768
-70.88000000000001,0.3497705
-70.89,0.34976414
-70.9,0.34975782
-70.91000000000001,0.34975144
-70.92,0.34974512
-70.93,0.34973878
-70.94000000000001,0.34973243
-70.95,0.34972614
-70.96000000000001,0.34971976
-70.97000000000001,0.34971344
-70.98,0.34970713
-70.99000000000001,0.34970075
-71.0,0.34969443
-71.01,0.3496881
-71.02000000000001,0.3496818
-71.03,0.34967548
-71.04,0.3496691
-71.05000000000001,0.34966278
-71.06,0.34965646
-71.07000000000001,0.34965014
-71.08000000000001,0.34964383
-71.09,0.3496375
-71.10000000000001,0.3496312
-71.11000000000001,0.34962484
-71.12,0.34961852
-71.13000000000001,0.34961224
-71.14,0.34960586
-71.15,0.34959954
-71.16000000000001,0.34959322
-71.17,0.3495869
-71.18,0.3495806
-71.19000000000001,0.34957427
-71.2,0.34956795
-71.21000000000001,0.34956163
-71.22000000000001,0.3495553
-71.23,0.349549
-71.24000000000001,0.34954265
-71.25,0.34953633
-71.26,0.34953004
-71.27000000000001,0.34952378
-71.28,0.3495174
-71.29,0.34951115
-71.30000000000001,0.34950477
-71.31,0.34949845
-71.32000000000001,0.3494922
-71.33000000000001,0.34948587
-71.34,0.34947956
-71.35000000000001,0.34947324
-71.36000000000001,0.34946692
-71.37,0.3494606
-71.38000000000001,0.3494543
-71.39,0.34944803
-71.4,0.3494417
-71.41000000000001,0.3494354
-71.42,0.34942907
-71.43,0.3494228
-71.44000000000001,0.3494165
-71.45,0.34941018
-71.46000000000001,0.34940383
-71.47000000000001,0.3493976
-71.48,0.34939125
-71.49000000000001,0.34938496
-71.5,0.34937865
-71.51,0.3493724
-71.52000000000001,0.34936607
-71.53,0.34935978
-71.54,0.3493535
-71.55000000000001,0.34934717
-71.56,0.34934092
-71.57000000000001,0.3493346
-71.58000000000001,0.34932834
-71.59,0.34932202
-71.60000000000001,0.3493157
-71.61000000000001,0.3493094
-71.62,0.34930313
-71.63000000000001,0.34929687
-71.64,0.34929055
-71.65,0.34928423
-71.66000000000001,0.34927797
-71.67,0.34927166
-71.68,0.3492654
-71.69000000000001,0.3492591
-71.7,0.34925282
-71.71000000000001,0.34924653
-71.72000000000001,0.34924027
-71.73,0.34923396
-71.74000000000001,0.34922767
-71.75,0.3492214
-71.76,0.34921515
-71.77000000000001,0.3492089
-71.78,0.34920257
-71.79,0.3491963
-71.80000000000001,0.34919003
-71.81,0.34918374
-71.82000000000001,0.34917748
-71.83000000000001,0.3491712
-71.84,0.3491649
-71.85000000000001,0.34915859
-71.86000000000001,0.3491524
-71.87,0.3491461
-71.88000000000001,0.3491398
-71.89,0.34913358
-71.9,0.34912726
-71.91000000000001,0.34912097
-71.92,0.34911472
-71.93,0.34910843
-71.94000000000001,0.34910214
-71.95,0.34909594
-71.96000000000001,0.34908968
-71.97000000000001,0.34908336
-71.98,0.3490771
-71.99000000000001,0.34907082
-72.0,0.34906456
-72.01,0.34905833
-72.02000000000001,0.34905207
-72.03,0.3490458
-72.04,0.34903952
-72.05000000000001,0.34903324
-72.06,0.34902704
-72.07000000000001,0.34902075
-72.08000000000001,0.34901452
-72.09,0.3490082
-72.10000000000001,0.3490019
-72.11000000000001,0.34899572
-72.12,0.34898946
-72.13000000000001,0.3489832
-72.14,0.3489769
-72.15,0.3489707
-72.16000000000001,0.34896442
-72.17,0.34895813
-72.18,0.34895194
-72.19000000000001,0.34894568
-72.2,0.34893942
-72.21000000000001,0.34893316
-72.22000000000001,0.3489269
-72.23,0.3489206
-72.24000000000001,0.34891438
-72.25,0.34890813
-72.26,0.34890193
-72.27000000000001,0.34889564
-72.28,0.34888938
-72.29,0.34888315
-72.30000000000001,0.3488769
-72.31,0.3488707
-72.32000000000001,0.3488644
-72.33000000000001,0.34885818
-72.34,0.34885192
-72.35000000000001,0.34884566
-72.36000000000001,0.34883946
-72.37,0.3488332
-72.38000000000001,0.348827
-72.39,0.34882075
-72.4,0.34881452
-72.41000000000001,0.34880826
-72.42,0.34880203
-72.43,0.34879577
-72.44000000000001,0.34878954
-72.45,0.3487833
-72.46000000000001,0.34877706
-72.47000000000001,0.34877086
-72.48,0.3487646
-72.49000000000001,0.3487584
-72.5,0.34875214
-72.51,0.34874594
-72.52000000000001,0.3487397
-72.53,0.34873345
-72.54,0.3487272
-72.55000000000001,0.34872097
-72.56,0.34871477
-72.57000000000001,0.34870848
-72.58000000000001,0.34870225
-72.59,0.34869605
-72.60000000000001,0.34868982
-72.61000000000001,0.3486836
-72.62,0.3486774
-72.63000000000001,0.34867117
-72.64,0.34866494
-72.65,0.3486587
-72.66000000000001,0.34865248
-72.67,0.34864625
-72.68,0.34864008
-72.69000000000001,0.34863386
-72.7,0.34862766
-72.71000000000001,0.34862137
-72.72000000000001,0.3486152
-72.73,0.34860894
-72.74000000000001,0.3486027
-72.75,0.3485965
-72.76,0.3485903
-72.77000000000001,0.3485841
-72.78,0.34857786
-72.79,0.3485717
-72.80000000000001,0.34856543
-72.81,0.34855926
-72.82000000000001,0.34855306
-72.83000000000001,0.34854683
-72.84,0.34854063
-72.85000000000001,0.3485344
-72.86000000000001,0.34852818
-72.87,0.34852198
-72.88000000000001,0.3485158
-72.89,0.34850958
-72.9,0.34850335
-72.91000000000001,0.34849715
-72.92,0.34849095
-72.93,0.34848472
-72.94000000000001,0.34847853
-72.95,0.34847233
-72.96000000000001,0.34846613
-72.97000000000001,0.34845993
-72.98,0.3484537
-72.99000000000001,0.34844753
-73.0,0.34844133
-73.01,0.34843516
-73.02000000000001,0.34842896
-73.03,0.34842277
-73.04,0.34841657
-73.05000000000001,0.3484103
-73.06,0.3484041
-73.07000000000001,0.34839794
-73.08000000000001,0.34839174
-73.09,0.34838557
-73.10000000000001,0.34837937
-73.11000000000001,0.3483732
-73.12,0.348367
-73.13000000000001,0.34836078
-73.14,0.34835458
-73.15,0.34834844
-73.16000000000001,0.34834224
-73.17,0.34833607
-73.18,0.3483299
-73.19000000000001,0.34832364
-73.2,0.3483175
-73.21000000000001,0.3483113
-73.22000000000001,0.34830514
-73.23,0.34829894
-73.24000000000001,0.34829274
-73.25,0.34828657
-73.26,0.34828037
-73.27000000000001,0.34827417
-73.28,0.34826803
-73.29,0.34826183
-73.30000000000001,0.34825566
-73.31,0.3482495
-73.32000000000001,0.34824333
-73.33000000000001,0.34823713
-73.34,0.34823096
-73.35000000000001,0.34822482
-73.36000000000001,0.34821862
-73.37,0.34821245
-73.38000000000001,0.34820622
-73.39,0.34820005
-73.4,0.34819388
-73.41000000000001,0.34818774
-73.42,0.34818155
-73.43,0.3481754
-73.44000000000001,0.3481692
-73.45,0.348163
-73.46000000000001,0.34815684
-73.47000000000001,0.3481507
-73.48,0.34814456
-73.49000000000001,0.3481384
-73.5,0.3481322
-73.51,0.34812602
-73.52000000000001,0.34811988
-73.53,0.34811372
-73.54,0.34810752
-73.55000000000001,0.34810138
-73.56,0.34809518
-73.57000000000001,0.34808904
-73.58000000000001,0.34808284
-73.59,0.3480767
-73.60000000000001,0.34807056
-73.61000000000001,0.34806442
-73.62,0.34805822
-73.63000000000001,0.34805205
-73.64,0.34804595
-73.65,0.34803975
-73.66000000000001,0.3480336
-73.67,0.34802747
-73.68,0.3480213
-73.69000000000001,0.34801516
-73.7,0.348009
-73.71000000000001,0.34800282
-73.72000000000001,0.34799668
-73.73,0.3479905
-73.74000000000001,0.34798437
-73.75,0.34797823
-73.76,0.3479721
-73.77000000000001,0.34796593
-73.78,0.34795976
-73.79,0.34795365
-73.80000000000001,0.34794748
-73.81,0.34794137
-73.82000000000001,0.3479352
-73.83000000000001,0.34792903
-73.84,0.34792292
-73.85000000000001,0.34791678
-73.86000000000001,0.34791064
-73.87,0.34790447
-73.88000000000001,0.34789833
-73.89,0.34789217
-73.9,0.34788603
-73.91000000000001,0.3478799
-73.92,0.34787375
-73.93,0.34786764
-73.94000000000001,0.3478615
-73.95,0.3478554
-73.96000000000001,0.34784922
-73.97000000000001,0.34784308
-73.98,0.34783694
-73.99000000000001,0.34783083
-74.0,0.3478247
-74.01,0.34781855
-74.02000000000001,0.34781244
-74.03,0.34780627
-74.04,0.3478001
-74.05000000000001,0.347794
-74.06,0.34778786
-74.07000000000001,0.34778172
-74.08000000000001,0.34777564
-74.09,0.34776947
-74.10000000000001,0.34776333
-74.11000000000001,0.34775722
-74.12,0.3477511
-74.13000000000001,0.34774497
-74.14,0.34773886
-74.15,0.34773275
-74.16000000000001,0.3477266
-74.17,0.3477205
-74.18,0.34771436
-74.19000000000001,0.34770826
-74.2,0.34770212
-74.21000000000001,0.347696
-74.22000000000001,0.34768987
-74.23,0.34768376
-74.24000000000001,0.34767765
-74.25,0.3476715
-74.26,0.34766537
-74.27000000000001,0.3476593
-74.28,0.34765315
-74.29,0.34764707
-74.30000000000001,0.3476409
-74.31,0.3476348
-74.32000000000001,0.34762868
-74.33000000000001,0.34762257
-74.34,0.34761652
-74.35000000000001,0.34761035
-74.36000000000001,0.34760424
-74.37,0.34759814
-74.38000000000001,0.34759206
-74.39,0.34758595
-74.4,0.3475798
-74.41000000000001,0.3475737
-74.42,0.3475676
-74.43,0.34756148
-74.44000000000001,0.34755537
-74.45,0.34754926
-74.46000000000001,0.34754315
-74.47000000000001,0.34753707
-74.48,0.34753096
-74.49000000000001,0.34752488
-74.5,0.34751874
-74.51,0.34751266
-74.52000000000001,0.34750652
-74.53,0.34750047
-74.54,0.34749436
-74.55000000000001,0.34748828
-74.56,0.34748214
-74.57000000000001,0.34747604
-74.58000000000001,0.34746993
-74.59,0.34746385
-74.60000000000001,0.34745774
-74.61000000000001,0.34745166
-74.62,0.3474456
-74.63000000000001,0.3474395
-74.64,0.3474334
-74.65,0.3474273
-74.66000000000001,0.34742117
-74.67,0.34741512
-74.68,0.347409
-74.69000000000001,0.34740287
-74.7,0.34739685
-74.71000000000001,0.34739074
-74.72000000000001,0.34738463
-74.73,0.34737855
-74.74000000000001,0.3473725
-74.75,0.3473664
-74.76,0.3473603
-74.77000000000001,0.34735423
-74.78,0.34734815
-74.79,0.34734207
-74.80000000000001,0.347336
-74.81,0.3473299
-74.82000000000001,0.34732383
-74.83000000000001,0.34731773
-74.84,0.34731165
-74.85000000000001,0.3473056
-74.86000000000001,0.34729952
-74.87,0.34729344
-74.88000000000001,0.34728736
-74.89,0.34728125
-74.9,0.3472752
-74.91000000000001,0.34726912
-74.92,0.34726304
-74.93,0.34725696
-74.94000000000001,0.34725088
-74.95,0.34724483
-74.96000000000001,0.34723875
-74.97000000000001,0.34723264
-74.98,0.34722662
-74.99000000000001,0.34722054
-75.0,0.34721446
-75.01,0.3472084
-75.02000000000001,0.34720233
-75.03,0.34719625
-75.04,0.34719017
-75.05000000000001,0.34718412
-75.06,0.34717804
-75.07000000000001,0.347172
-75.08000000000001,0.34716594
-75.09,0.34715983
-75.10000000000001,0.34715378
-75.11000000000001,0.3471477
-75.12,0.34714165
-75.13000000000001,0.34713557
-75.14,0.34712952
-75.15,0.34712347
-75.16000000000001,0.34711736
-75.17,0.34711134
-75.18,0.3471053
-75.19000000000001,0.3470992
-75.2,0.3470932
-75.21000000000001,0.34708714
-75.22000000000001,0.3470811
-75.23,0.34707505
-75.24000000000001,0.34706897
-75.25,0.34706292
-75.26,0.3470569
-75.27000000000001,0.3470508
-75.28,0.34704474
-75.29,0.34703872
-75.30000000000001,0.34703264
-75.31,0.3470266
-75.32000000000001,0.3470205
-75.33000000000001,0.3470145
-75.34,0.34700844
-75.35000000000001,0.3470024
-75.36000000000001,0.34699637
-75.37,0.3469903
-75.38000000000001,0.34698427
-75.39,0.34697822
-75.4,0.3469722
-75.41000000000001,0.34696612
-75.42,0.34696013
-75.43,0.34695405
-75.44000000000001,0.34694803
-75.45,0.34694198
-75.46000000000001,0.34693593
-75.47000000000001,0.34692985
-75.48,0.34692383
-75.49000000000001,0.3469178
-75.5,0.3469118
-75.51,0.3469057
-75.52000000000001,0.3468997
-75.53,0.3468936
-75.54,0.34688765
-75.55000000000001,0.34688157
-75.56,0.34687555
-75.57000000000001,0.34686953
-75.58000000000001,0.34686348
-75.59,0.3468574
-75.60000000000001,0.3468514
-75.61000000000001,0.34684533
-75.62,0.34683934
-75.63000000000001,0.3468333
-75.64,0.34682727
-75.65,0.34682125
-75.66000000000001,0.34681523
-75.67,0.3468092
-75.68,0.3468032
-75.69000000000001,0.3467971
-75.7,0.34679112
-75.71000000000001,0.34678507
-75.72000000000001,0.34677905
-75.73,0.34677303
-75.74000000000001,0.346767
-75.75,0.34676102
-75.76,0.34675497
-75.77000000000001,0.34674895
-75.78,0.34674293
-75.79,0.3467369
-75.80000000000001,0.3467309
-75.81,0.34672484
-75.82000000000001,0.34671885
-75.83000000000001,0.34671283
-75.84,0.34670684
-75.85000000000001,0.3467008
-75.86000000000001,0.3466948
-75.87,0.3466888
-75.88000000000001,0.3466828
-75.89,0.34667674
-75.9,0.34667075
-75.91000000000001,0.34666473
-75.92,0.3466587
-75.93,0.3466527
-75.94000000000001,0.3466467
-75.95,0.3466407
-75.96000000000001,0.3466347
-75.97000000000001,0.34662867
-75.98,0.34662265
-75.99000000000001,0.34661663
-76.0,0.34661064
-76.01,0.34660465
-76.02000000000001,0.34659863
-76.03,0.3465926
-76.04,0.34658659
-76.05000000000001,0.3465806
-76.06,0.3465746
-76.07000000000001,0.3465686
-76.08000000000001,0.34656262
-76.09,0.3465566
-76.10000000000001,0.34655064
-76.11000000000001,0.34654462
-76.12,0.34653863
-76.13000000000001,0.34653264
-76.14,0.34652665
-76.15,0.3465206
-76.16000000000001,0.34651464
-76.17,0.34650862
-76.18,0.3465026
-76.19000000000001,0.34649664
-76.2,0.34649062
-76.21000000000001,0.34648463
-76.22000000000001,0.34647864
-76.23,0.34647268
-76.24000000000001,0.34646666
-76.25,0.3464607
-76.26,0.34645468
-76.27000000000001,0.3464487
-76.28,0.3464427
-76.29,0.34643674
-76.30000000000001,0.34643072
-76.31,0.34642473
-76.32000000000001,0.34641874
-76.33000000000001,0.34641278
-76.34,0.3464068
-76.35000000000001,0.3464008
-76.36000000000001,0.3463948
-76.37,0.34638882
-76.38000000000001,0.3463828
-76.39,0.34637684
-76.4,0.3463709
-76.41000000000001,0.3463649
-76.42,0.34635893
-76.43,0.34635293
-76.44000000000001,0.34634694
-76.45,0.34634098
-76.46000000000001,0.34633502
-76.47000000000001,0.34632903
-76.48,0.34632304
-76.49000000000001,0.34631708
-76.5,0.34631115
-76.51,0.34630513
-76.52000000000001,0.34629917
-76.53,0.34629318
-76.54,0.3462872
-76.55000000000001,0.34628123
-76.56,0.34627527
-76.57000000000001,0.3462693
-76.58000000000001,0.34626332
-76.59,0.34625733
-76.60000000000001,0.34625137
-76.61000000000001,0.3462454
-76.62,0.34623945
-76.63000000000001,0.34623346
-76.64,0.34622753
-76.65,0.34622157
-76.66000000000001,0.34621558
-76.67,0.34620962
-76.68,0.34620366
-76.69000000000001,0.3461977
-76.7,0.34619176
-76.71000000000001,0.34618577
-76.72000000000001,0.3461798
-76.73,0.34617382
-76.74000000000001,0.3461679
-76.75,0.34616193
-76.76,0.3461559
-76.77000000000001,0.34615
-76.78,0.34614405
-76.79,0.3461381
-76.80000000000001,0.34613213
-76.81,0.34612617
-76.82000000000001,0.34612018
-76.83000000000001,0.34611428
-76.84,0.34610832
-76.85000000000001,0.3461024
-76.86000000000001,0.3460964
-76.87,0.34609047
-76.88000000000001,0.34608454
-76.89,0.34607854
-76.9,0.34607258
-76.91000000000001,0.34606662
-76.92,0.34606072
-76.93,0.34605473
-76.94000000000001,0.3460488
-76.95,0.34604287
-76.96000000000001,0.34603694
-76.97000000000001,0.34603095
-76.98,0.34602502
-76.99000000000001,0.3460191
-77.0,0.34601316
-77.01,0.34600717
-77.02000000000001,0.34600124
-77.03,0.3459953
-77.04,0.34598938
-77.05000000000001,0.34598342
-77.06,0.3459775
-77.07000000000001,0.34597155
-77.08000000000001,0.3459656
-77.09,0.34595966
-77.10000000000001,0.3459537
-77.11000000000001,0.3459478
-77.12,0.34594184
-77.13000000000001,0.3459359
-77.14,0.34592998
-77.15,0.34592402
-77.16000000000001,0.34591812
-77.17,0.34591216
-77.18,0.34590626
-77.19000000000001,0.3459003
-77.2,0.3458944
-77.21000000000001,0.34588844
-77.22000000000001,0.3458825
-77.23,0.3458766
-77.24000000000001,0.34587064
-77.25,0.3458647
-77.26,0.3458588
-77.27000000000001,0.34585285
-77.28,0.34584695
-77.29,0.345841
-77.30000000000001,0.3458351
-77.31,0.3458292
-77.32000000000001,0.34582323
-77.33000000000001,0.3458173
-77.34,0.3458114
-77.35000000000001,0.34580544
-77.36000000000001,0.34579957
-77.37,0.34579363
-77.38000000000001,0.34578773
-77.39,0.34578177
-77.4,0.3457759
-77.41000000000001,0.34576997
-77.42,0.34576404
-77.43,0.3457581
-77.44000000000001,0.34575215
-77.45,0.34574628
-77.46000000000001,0.34574035
-77.47000000000001,0.34573442
-77.48,0.34572852
-77.49000000000001,0.34572262
-77.5,0.3457167
-77.51,0.3457108
-77.52000000000001,0.34570488
-77.53,0.34569898
-77.54,0.3456931
-77.55000000000001,0.34568715
-77.56,0.34568125
-77.57000000000001,0.34567538
-77.58000000000001,0.34566945
-77.59,0.34566355
-77.60000000000001,0.34565765
-77.61000000000001,0.34565172
-77.62,0.34564582
-77.63000000000001,0.34563988
-77.64,0.345634
-77.65,0.34562808
-77.66000000000001,0.34562218
-77.67,0.34561628
-77.68,0.34561038
-77.69000000000001,0.34560448
-77.7,0.34559855
-77.71000000000001,0.34559268
-77.72000000000001,0.34558678
-77.73,0.34558088
-77.74000000000001,0.34557503
-77.75,0.3455691
-77.76,0.3455632
-77.77000000000001,0.34555727
-77.78,0.34555143
-77.79,0.3455455
-77.80000000000001,0.34553963
-77.81,0.3455337
-77.82000000000001,0.34552786
-77.83000000000001,0.34552193
-77.84,0.34551603
-77.85000000000001,0.34551015
-77.86000000000001,0.34550428
-77.87,0.34549835
-77.88000000000001,0.34549245
-77.89,0.34548658
-77.9,0.34548068
-77.91000000000001,0.34547478
-77.92,0.34546888
-77.93,0.345463
-77.94000000000001,0.3454571
-77.95,0.34545124
-77.96000000000001,0.3454454
-77.97000000000001,0.3454395
-77.98,0.3454336
-77.99000000000001,0.34542775
-78.0,0.34542185
-78.01,0.34541598
-78.02000000000001,0.3454101
-78.03,0.34540418
-78.04,0.34539834
-78.05000000000001,0.34539244
-78.06,0.34538656
-78.07000000000001,0.3453807
-78.08000000000001,0.34537482
-78.09,0.34536892
-78.10000000000001,0.34536305
-78.11000000000001,0.34535718
-78.12,0.3453513
-78.13000000000001,0.34534544
-78.14,0.34533954
-78.15,0.34533367
-78.16000000000001,0.3453278
-78.17,0.3453219
-78.18,0.34531605
-78.19000000000001,0.3453102
-78.2,0.3453043
-78.21000000000001,0.34529847
-78.22000000000001,0.3452926
-78.23,0.3452867
-78.24000000000001,0.3452809
-78.25,0.34527498
-78.26,0.3452691
-78.27000000000001,0.34526324
-78.28,0.34525737
-78.29,0.34525153
-78.30000000000001,0.34524563
-78.31,0.3452398
-78.32000000000001,0.34523392
-78.33000000000001,0.34522808
-78.34,0.34522218
-78.35000000000001,0.34521633
-78.36000000000001,0.3452105
-78.37,0.34520462
-78.38000000000001,0.34519875
-78.39,0.3451929
-78.4,0.34518707
-78.41000000000001,0.3451812
-78.42,0.34517533
-78.43,0.34516945
-78.44000000000001,0.3451636
-78.45,0.34515777
-78.46000000000001,0.34515193
-78.47000000000001,0.34514612
-78.48,0.3451402
-78.49000000000001,0.34513438
-78.5,0.3451285
-78.51,0.34512267
-78.52000000000001,0.3451168
-78.53,0.34511095
-78.54,0.34510508
-78.55000000000001,0.34509927
-78.56,0.34509343
-78.57000000000001,0.34508756
-78.58000000000001,0.34508175
-78.59,0.34507588
-78.60000000000001,0.34507
-78.61000000000001,0.34506416
-78.62,0.34505832
-78.63000000000001,0.34505248
-78.64,0.34504664
-78.65,0.3450408
-78.66000000000001,0.34503496
-78.67,0.34502912
-78.68,0.34502327
-78.69000000000001,0.34501743
-78.7,0.3450116
-78.71000000000001,0.34500575
-78.72000000000001,0.34499994
-78.73,0.3449941
-78.74000000000001,0.34498823
-78.75,0.34498245
-78.76,0.34497657
-78.77000000000001,0.34497073
-78.78,0.34496492
-78.79,0.34495905
-78.80000000000001,0.34495324
-78.81,0.34494743
-78.82000000000001,0.34494156
-78.83000000000001,0.34493572
-78.84,0.34492993
-78.85000000000001,0.34492406
-78.86000000000001,0.34491825
-78.87,0.34491244
-78.88000000000001,0.34490663
-78.89,0.3449008
-78.9,0.34489495
-78.91000000000001,0.3448891
-78.92,0.34488332
-78.93,0.34487748
-78.94000000000001,0.34487164
-78.95,0.34486586
-78.96000000000001,0.34486002
-78.97000000000001,0.34485418
-78.98,0.34484833
-78.99000000000001,0.34484252
-79.0,0.3448367
-79.01,0.3448309
-79.02000000000001,0.34482506
-79.03,0.34481928
-79.04,0.34481344
-79.05000000000001,0.34480762
-79.06,0.3448018
-79.07000000000001,0.34479597
-79.08000000000001,0.34479016
-79.09,0.34478438
-79.10000000000001,0.34477854
-79.11000000000001,0.3447727
-79.12,0.34476689
-79.13000000000001,0.34476107
-79.14,0.34475526
-79.15,0.34474945
-79.16000000000001,0.34474364
-79.17,0.34473783
-79.18,0.344732
-79.19000000000001,0.3447262
-79.2,0.34472036
-79.21000000000001,0.34471452
-79.22000000000001,0.34470874
-79.23,0.3447029
-79.24000000000001,0.34469715
-79.25,0.34469134
-79.26,0.34468555
-79.27000000000001,0.34467974
-79.28,0.34467393
-79.29,0.3446681
-79.30000000000001,0.34466228
-79.31,0.34465653
-79.32000000000001,0.34465072
-79.33000000000001,0.3446449
-79.34,0.3446391
-79.35000000000001,0.3446333
-79.36000000000001,0.34462756
-79.37,0.34462172
-79.38000000000001,0.34461597
-79.39,0.34461012
-79.4,0.3446043
-79.41000000000001,0.34459853
-79.42,0.34459272
-79.43,0.34458694
-79.44000000000001,0.34458113
-79.45,0.34457535
-79.46000000000001,0.34456956
-79.47000000000001,0.34456375
-79.48,0.34455794
-79.49000000000001,0.34455216
-79.5,0.3445464
-79.51,0.34454063
-79.52000000000001,0.3445348
-79.53,0.34452903
-79.54,0.34452322
-79.55000000000001,0.34451747
-79.56,0.34451166
-79.57000000000001,0.3445059
-79.58000000000001,0.3445001
-79.59,0.34449428
-79.60000000000001,0.3444885
-79.61000000000001,0.34448275
-79.62,0.34447694
-79.63000000000001,0.34447116
-79.64,0.34446537
-79.65,0.3444596
-79.66000000000001,0.3444538
-79.67,0.34444803
-79.68,0.34444225
-79.69000000000001,0.34443647
-79.7,0.34443069
-79.71000000000001,0.3444249
-79.72000000000001,0.34441912
-79.73,0.34441337
-79.74000000000001,0.3444076
-79.75,0.34440184
-79.76,0.34439605
-79.77000000000001,0.34439027
-79.78,0.3443845
-79.79,0.34437868
-79.80000000000001,0.34437293
-79.81,0.34436715
-79.82000000000001,0.3443614
-79.83000000000001,0.34435558
-79.84,0.34434986
-79.85000000000001,0.34434408
-79.86000000000001,0.34433833
-79.87,0.34433255
-79.88000000000001,0.34432676
-79.89,0.344321
-79.9,0.3443152
-79.91000000000001,0.3443095
-79.92,0.3443037
-79.93,0.34429795
-79.94000000000001,0.3442922
-79.95,0.34428644
-79.96000000000001,0.34428066
-79.97000000000001,0.34427488
-79.98,0.34426916
-79.99000000000001,0.34426337
-80.0,0.3442576
-80.01,0.34425184
-80.02000000000001,0.3442461
-80.03,0.34424034
-80.04,0.3442346
-80.05000000000001,0.3442288
-80.06,0.34422305
-80.07000000000001,0.3442173
-80.08000000000001,0.34421152
-80.09,0.34420574
-80.10000000000001,0.34420004
-80.11000000000001,0.34419423
-80.12,0.3441885
-80.13000000000001,0.3441828
-80.14,0.344177
-80.15,0.34417126
-80.16000000000001,0.3441655
-80.17,0.34415975
-80.18,0.344154
-80.19000000000001,0.34414822
-80.2,0.34414253
-80.21000000000001,0.34413674
-80.22000000000001,0.344131
-80.23,0.3441252
-80.24000000000001,0.3441195
-80.25,0.3441138
-80.26,0.34410802
-80.27000000000001,0.34410226
-80.28,0.34409654
-80.29,0.34409082
-80.30000000000001,0.34408504
-80.31,0.3440793
-80.32000000000001,0.34407356
-80.33000000000001,0.3440678
-80.34,0.3440621
-80.35000000000001,0.3440563
-80.36000000000001,0.3440506
-80.37,0.34404486
-80.38000000000001,0.34403908
-80.39,0.3440334
-80.4,0.34402764
-80.41000000000001,0.34402192
-80.42,0.3440162
-80.43,0.3440104
-80.44000000000001,0.3440047
-80.45,0.34399897
-80.46000000000001,0.34399322
-80.47000000000001,0.34398752
-80.48,0.3439818
-80.49000000000001,0.34397602
-80.5,0.3439703
-80.51,0.34396455
-80.52000000000001,0.34395882
-80.53,0.34395313
-80.54,0.34394738
-80.55000000000001,0.34394163
-80.56,0.3439359
-80.57000000000001,0.3439302
-80.58000000000001,0.3439245
-80.59,0.34391874
-80.60000000000001,0.343913
-80.61000000000001,0.3439073
-80.62,0.34390157
-80.63000000000001,0.34389585
-80.64,0.3438901
-80.65,0.3438844
-80.66000000000001,0.3438787
-80.67,0.34387296
-80.68,0.34386727
-80.69000000000001,0.34386152
-80.7,0.3438558
-80.71000000000001,0.3438501
-80.72000000000001,0.34384438
-80.73,0.34383863
-80.74000000000001,0.3438329
-80.75,0.34382722
-80.76,0.3438215
-80.77000000000001,0.3438158
-80.78,0.34381008
-80.79,0.34380433
-80.80000000000001,0.34379867
-80.81,0.34379292
-80.82000000000001,0.34378722
-80.83000000000001,0.34378147
-80.84,0.34377575
-80.85000000000001,0.3437701
-80.86000000000001,0.34376436
-80.87,0.34375867
-80.88000000000001,0.34375295
-80.89,0.34374726
-80.9,0.34374154
-80.91000000000001,0.34373584
-80.92,0.34373012
-80.93,0.34372443
-80.94000000000001,0.3437187
-80.95,0.34371305
-80.96000000000001,0.34370732
-80.97000000000001,0.3437016
-80.98,0.3436959
-80.99000000000001,0.3436902
-81.0,0.3436845
-81.01,0.3436788
-81.02000000000001,0.34367308
-81.03,0.3436674
-81.04,0.34366167
-81.05000000000001,0.343656
-81.06,0.34365028
-81.07000000000001,0.34364462
-81.08000000000001,0.3436389
-81.09,0.34363317
-81.10000000000001,0.3436275
-81.11000000000001,0.34362182
-81.12,0.3436161
-81.13000000000001,0.3436104
-81.14,0.34360474
-81.15,0.34359902
-81.16000000000001,0.34359336
-81.17,0.34358764
-81.18,0.34358197
-81.19000000000001,0.34357625
-81.2,0.34357056
-81.21000000000001,0.34356487
-81.22000000000001,0.34355924
-81.23,0.34355348
-81.24000000000001,0.34354782
-81.25,0.3435421
-81.26,0.34353644
-81.27000000000001,0.34353074
-81.28,0.34352505
-81.29,0.3435194
-81.30000000000001,0.34351367
-81.31,0.34350803
-81.32000000000001,0.34350234
-81.33000000000001,0.34349668
-81.34,0.343491
-81.35000000000001,0.3434853
-81.36000000000001,0.3434796
-81.37,0.34347394
-81.38000000000001,0.3434683
-81.39,0.3434626
-81.4,0.3434569
-81.41000000000001,0.34345123
-81.42,0.34344557
-81.43,0.3434399
-81.44000000000001,0.34343418
-81.45,0.34342855
-81.46000000000001,0.34342283
-81.47000000000001,0.3434172
-81.48,0.3434115
-81.49000000000001,0.3434058
-81.5,0.34340015
-81.51,0.3433945
-81.52000000000001,0.3433888
-81.53,0.34338313
-81.54,0.3433775
-81.55000000000001,0.34337178
-81.56,0.34336612
-81.57000000000001,0.34336048
-81.58000000000001,0.34335482
-81.59,0.34334913
-81.60000000000001,0.3433435
-81.61000000000001,0.34333783
-81.62,0.34333214
-81.63000000000001,0.34332645
-81.64,0.3433208
-81.65,0.34331512
-81.66000000000001,0.34330946
-81.67,0.34330383
-81.68,0.34329814
-81.69000000000001,0.34329247
-81.7,0.34328684
-81.71000000000001,0.34328115
-81.72000000000001,0.34327552
-81.73,0.34326982
-81.74000000000001,0.3432642
-81.75,0.3432585
-81.76,0.34325287
-81.77000000000001,0.34324723
-81.78,0.3432416
-81.79,0.34323594
-81.80000000000001,0.34323028
-81.81,0.34322459
-81.82000000000001,0.34321892
-81.83000000000001,0.3432133
-81.84,0.34320766
-81.85000000000001,0.343202
-81.86000000000001,0.34319633
-81.87,0.34319067
-81.88000000000001,0.343185
-81.89,0.34317937
-81.9,0.34317374
-81.91000000000001,0.3431681
-81.92,0.34316248
-81.93,0.3431568
-81.94000000000001,0.34315115
-81.95,0.3431455
-81.96000000000001,0.34313986
-81.97000000000001,0.34313422
-81.98,0.3431286
-81.99000000000001,0.34312296
-82.0,0.3431173
-82.01,0.34311163
-82.02000000000001,0.34310603
-82.03,0.34310034
-82.04,0.34309474
-82.05000000000001,0.34308907
-82.06,0.34308347
-82.07000000000001,0.3430778
-82.08000000000001,0.34307215
-82.09,0.3430665
-82.10000000000001,0.34306088
-82.11000000000001,0.34305525
-82.12,0.3430496
-82.13000000000001,0.34304398
-82.14,0.34303832
-82.15,0.34303272
-82.16000000000001,0.34302706
-82.17,0.34302142
-82.18,0.3430158
-82.19000000000001,0.3430102
-82.2,0.34300455
-82.21000000000001,0.3429989
-82.22000000000001,0.34299326
-82.23,0.34298766
-82.24000000000001,0.34298202
-82.25,0.3429764
-82.26,0.34297073
-82.27000000000001,0.34296513
-82.28,0.34295952
-82.29,0.34295386
-82.30000000000001,0.34294826
-82.31,0.34294266
-82.32000000000001,0.342937
-82.33000000000001,0.34293136
-82.34,0.3429258
-82.35000000000001,0.34292015
-82.36000000000001,0.34291452
-82.37,0.34290892
-82.38000000000001,0.34290326
-82.39,0.34289762
-82.4,0.34289205
-82.41000000000001,0.34288642
-82.42,0.3428808
-82.43,0.34287518
-82.44000000000001,0.34286955
-82.45,0.34286395
-82.46000000000001,0.34285828
-82.47000000000001,0.3428527
-82.48,0.3428471
-82.49000000000001,0.34284145
-82.5,0.34283584
-82.51,0.34283024
-82.52000000000001,0.34282464
-82.53,0.342819
-82.54,0.3428134
-82.55000000000001,0.34280777
-82.56,0.34280217
-82.57000000000001,0.34279656
-82.58000000000001,0.342791
-82.59,0.34278536
-82.60000000000001,0.34277976
-82.61000000000001,0.34277415
-82.62,0.34276855
-82.63000000000001,0.34276295
-82.64,0.3427573
-82.65,0.34275168
-82.66000000000001,0.3427461
-82.67,0.34274054
-82.68,0.34273493
-82.69000000000001,0.34272927
-82.7,0.3427237
-82.71000000000001,0.34271812
-82.72000000000001,0.3427125
-82.73,0.3427069
-82.74000000000001,0.3427013
-82.75,0.34269568
-82.76,0.3426901
-82.77000000000001,0.3426845
-82.78,0.3426789
-82.79,0.34267333
-82.80000000000001,0.3426677
-82.81,0.34266213
-82.82000000000001,0.34265655
-82.83000000000001,0.3426509
-82.84,0.3426453
-82.85000000000001,0.34263974
-82.86000000000001,0.34263414
-82.87,0.34262854
-82.88000000000001,0.34262297
-82.89,0.3426174
-82.9,0.3426118
-82.91000000000001,0.34260622
-82.92,0.3426006
-82.93,0.34259498
-82.94000000000001,0.3425894
-82.95,0.3425838
-82.96000000000001,0.34257823
-82.97000000000001,0.34257263
-82.98,0.34256706
-82.99000000000001,0.34256148
-83.0,0.3425559
-83.01,0.34255028
-83.02000000000001,0.34254467
-83.03,0.34253916
-83.04,0.34253353
-83.05000000000001,0.342528
-83.06,0.34252238
-83.07000000000001,0.3425168
-83.08000000000001,0.34251124
-83.09,0.34250566
-83.10000000000001,0.34250003
-83.11000000000001,0.3424945
-83.12,0.34248894
-83.13000000000001,0.34248334
-83.14,0.34247774
-83.15,0.34247217
-83.16000000000001,0.3424666
-83.17,0.342461
-83.18,0.34245545
-83.19000000000001,0.34244984
-83.2,0.3424443
-83.21000000000001,0.34243873
-83.22000000000001,0.34243315
-83.23,0.34242758
-83.24000000000001,0.342422
-83.25,0.3424164
-83.26,0.34241086
-83.27000000000001,0.34240532
-83.28,0.34239972
-83.29,0.34239417
-83.30000000000001,0.3423886
-83.31,0.342383
-83.32000000000001,0.34237745
-83.33000000000001,0.34237188
-83.34,0.34236634
-83.35000000000001,0.34236076
-83.36000000000001,0.3423552
-83.37,0.34234965
-83.38000000000001,0.34234405
-83.39,0.3423385
-83.4,0.34233293
-83.41000000000001,0.34232736
-83.42,0.3423218
-83.43,0.34231624
-83.44000000000001,0.3423107
-83.45,0.34230512
-83.46000000000001,0.34229958
-83.47000000000001,0.342294
-83.48,0.3422885
-83.49000000000001,0.3422829
-83.5,0.34227735
-83.51,0.3422718
-83.52000000000001,0.34226626
-83.53,0.34226066
-83.54,0.34225512
-83.55000000000001,0.34224963
-83.56,0.34224403
-83.57000000000001,0.3422385
-83.58000000000001,0.34223294
-83.59,0.3422274
-83.60000000000001,0.34222183
-83.61000000000001,0.34221628
-83.62,0.3422107
-83.63000000000001,0.34220517
-83.64,0.34219962
-83.65,0.34219408
-83.66000000000001,0.3421885
-83.67,0.342183
-83.68,0.34217745
-83.69000000000001,0.3421719
-83.7,0.3421663
-83.71000000000001,0.3421608
-83.72000000000001,0.34215525
-83.73,0.3421497
-83.74000000000001,0.3421442
-83.75,0.34213865
-83.76,0.34213307
-83.77000000000001,0.34212756
-83.78,0.34212196
-83.79,0.34211648
-83.80000000000001,0.34211093
-83.81,0.34210542
-83.82000000000001,0.34209985
-83.83000000000001,0.34209433
-83.84,0.34208876
-83.85000000000001,0.34208322
-83.86000000000001,0.3420777
-83.87,0.34207213
-83.88000000000001,0.34206662
-83.89,0.34206107
-83.9,0.34205556
-83.91000000000001,0.34205002
-83.92,0.3420445
-83.93,0.34203893
-83.94000000000001,0.34203342
-83.95,0.34202787
-83.96000000000001,0.3420224
-83.97000000000001,0.34201682
-83.98,0.3420113
-83.99000000000001,0.34200576
-84.0,0.34200025
-84.01,0.34199473
-84.02000000000001,0.34198916
-84.03,0.34198368
-84.04,0.34197816
-84.05000000000001,0.3419726
-84.06,0.34196708
-84.07000000000001,0.34196156
-84.08000000000001,0.34195602
-84.09,0.3419505
-84.10000000000001,0.341945
-84.11000000000001,0.34193948
-84.12,0.34193394
-84.13000000000001,0.34192842
-84.14,0.3419229
-84.15,0.3419174
-84.16000000000001,0.34191188
-84.17,0.34190637
-84.18,0.34190083
-84.19000000000001,0.34189528
-84.2,0.3418898
-84.21000000000001,0.3418843
-84.22000000000001,0.34187877
-84.23,0.34187323
-84.24000000000001,0.34186772
-84.25,0.3418622
-84.26,0.34185672
-84.27000000000001,0.34185117
-84.28,0.3418457
-84.29,0.34184015
-84.30000000000001,0.34183463
-84.31,0.34182912
-84.32000000000001,0.34182364
-84.33000000000001,0.3418181
-84.34,0.3418126
-84.35000000000001,0.34180713
-84.36000000000001,0.3418016
-84.37,0.34179607
-84.38000000000001,0.3417906
-84.39,0.34178507
-84.4,0.34177956
-84.41000000000001,0.34177402
-84.42,0.34176856
-84.43,0.34176308
-84.44000000000001,0.34175754
-84.45,0.34175205
-84.46000000000001,0.34174657
-84.47000000000001,0.34174106
-84.48,0.34173554
-84.49000000000001,0.34173006
-84.5,0.34172457
-84.51,0.34171906
-84.52000000000001,0.34171355
-84.53,0.34170803
-84.54,0.34170255
-84.55000000000001,0.34169707
-84.56,0.34169155
-84.57000000000001,0.34168604
-84.58000000000001,0.3416806
-84.59,0.34167507
-84.60000000000001,0.3416696
-84.61000000000001,0.34166408
-84.62,0.3416586
-84.63000000000001,0.3416531
-84.64,0.3416476
-84.65,0.34164208
-84.66000000000001,0.3416366
-84.67,0.34163114
-84.68,0.34162566
-84.69000000000001,0.34162015
-84.7,0.34161466
-84.71000000000001,0.34160915
-84.72000000000001,0.3416037
-84.73,0.34159815
-84.74000000000001,0.34159276
-84.75,0.34158725
-84.76,0.34158176
-84.77000000000001,0.34157622
-84.78,0.34157076
-84.79,0.3415653
-84.80000000000001,0.34155977
-84.81,0.3415543
-84.82000000000001,0.34154886
-84.83000000000001,0.34154335
-84.84,0.3415379
-84.85000000000001,0.3415324
-84.86000000000001,0.34152693
-84.87,0.34152147
-84.88000000000001,0.34151596
-84.89,0.34151053
-84.9,0.341505
-84.91000000000001,0.34149954
-84.92,0.34149405
-84.93,0.3414886
-84.94000000000001,0.34148312
-84.95,0.34147763
-84.96000000000001,0.34147218
-84.97000000000001,0.3414667
-84.98,0.3414612
-84.99000000000001,0.34145576
-85.0,0.34145027
-85.01,0.3414448
-85.02000000000001,0.34143934
-85.03,0.34143385
-85.04,0.3414284
-85.05000000000001,0.34142292
-85.06,0.34141743
-85.07000000000001,0.34141198
-85.08000000000001,0.34140652
-85.09,0.34140107
-85.10000000000001,0.34139556
-85.11000000000001,0.3413901
-85.12,0.34138462
-85.13000000000001,0.34137917
-85.14,0.3413737
-85.15,0.34136826
-85.16000000000001,0.34136277
-85.17,0.34135735
-85.18,0.3413519
-85.19000000000001,0.34134638
-85.2,0.34134096
-85.21000000000001,0.34133548
-85.22000000000001,0.34133005
-85.23,0.34132457
-85.24000000000001,0.3413191
-85.25,0.34131363
-85.26,0.34130818
-85.27000000000001,0.34130275
-85.28,0.34129727
-85.29,0.34129182
-85.30000000000001,0.34128636
-85.31,0.34128088
-85.32000000000001,0.34127545
-85.33000000000001,0.34126997
-85.34,0.34126455
-85.35000000000001,0.3412591
-85.36000000000001,0.34125364
-85.37,0.34124815
-85.38000000000001,0.34124273
-85.39,0.34123728
-85.4,0.34123182
-85.41000000000001,0.34122637
-85.42,0.34122092
-85.43,0.3412155
-85.44000000000001,0.34121
-85.45,0.3412046
-85.46000000000001,0.34119913
-85.47000000000001,0.34119368
-85.48,0.34118825
-85.49000000000001,0.34118277
-85.5,0.34117734
-85.51,0.3411719
-85.52000000000001,0.3411665
-85.53,0.341161
-85.54,0.3411556
-85.55000000000001,0.34115016
-85.56,0.3411447
-85.57000000000001,0.34113932
-85.58000000000001,0.34113383
-85.59,0.3411284
-85.60000000000001,0.34112298
-85.61000000000001,0.3411175
-85.62,0.34111208
-85.63000000000001,0.34110665
-85.64,0.3411012
-85.65,0.34109575
-85.66000000000001,0.34109035
-85.67,0.34108487
-85.68,0.34107947
-85.69000000000001,0.34107402
-85.7,0.34106857
-85.71000000000001,0.34106314
-85.72000000000001,0.34105772
-85.73,0.3410523
-85.74000000000001,0.34104687
-85.75,0.34104142
-85.76,0.341036
-85.77000000000001,0.3410306
-85.78,0.34102517
-85.79,0.34101975
-85.80000000000001,0.34101427
-85.81,0.34100887
-85.82000000000001,0.34100345
-85.83000000000001,0.340998
-85.84,0.34099257
-85.85000000000001,0.3409872
-85.86000000000001,0.34098172
-85.87,0.3409763
-85.88000000000001,0.34097087
-85.89,0.34096548
-85.9,0.34096003
-85.91000000000001,0.3409546
-85.92,0.34094918
-85.93,0.34094378
-85.94000000000001,0.34093836
-85.95,0.34093294
-85.96000000000001,0.34092754
-85.97000000000001,0.3409221
-85.98,0.3409167
-85.99000000000001,0.3409113
-86.0,0.34090587
-86.01,0.34090042
-86.02000000000001,0.34089503
-86.03,0.34088957
-86.04,0.3408842
-86.05000000000001,0.34087878
-86.06,0.34087336
-86.07000000000001,0.34086797
-86.08000000000001,0.34086257
-86.09,0.34085715
-86.10000000000001,0.34085172
-86.11000000000001,0.34084633
-86.12,0.34084094
-86.13000000000001,0.34083548
-86.14,0.34083012
-86.15,0.34082466
-86.16000000000001,0.34081924
-86.17,0.34081385
-86.18,0.34080845
-86.19000000000001,0.34080303
-86.2,0.34079766
-86.21000000000001,0.34079224
-86.22000000000001,0.3407868
-86.23,0.3407814
-86.24000000000001,0.34077603
-86.25,0.3407706
-86.26,0.3407652
-86.27000000000001,0.3407598
-86.28,0.34075445
-86.29,0.34074903
-86.30000000000001,0.3407436
-86.31,0.3407382
-86.32000000000001,0.3407328
-86.33000000000001,0.3407274
-86.34,0.34072202
-86.35000000000001,0.34071663
-86.36000000000001,0.34071124
-86.37,0.3407058
-86.38000000000001,0.34070045
-86.39,0.34069505
-86.4,0.34068963
-86.41000000000001,0.34068426
-86.42,0.34067884
-86.43,0.34067345
-86.44000000000001,0.34066805
-86.45,0.3406627
-86.46000000000001,0.34065726
-86.47000000000001,0.34065193
-86.48,0.3406465
-86.49000000000001,0.34064114
-86.5,0.34063575
-86.51,0.34063035
-86.52000000000001,0.34062493
-86.53,0.3406196
-86.54,0.3406142
-86.55000000000001,0.34060878
-86.56,0.3406034
-86.57000000000001,0.34059802
-86.58000000000001,0.34059262
-86.59,0.34058726
-86.60000000000001,0.3405819
-86.61000000000001,0.34057647
-86.62,0.34057114
-86.63000000000001,0.34056574
-86.64,0.34056038
-86.65,0.34055498
-86.66000000000001,0.3405496
-86.67,0.34054422
-86.68,0.34053886
-86.69000000000001,0.34053347
-86.7,0.34052807
-86.71000000000001,0.3405227
-86.72000000000001,0.3405173
-86.73,0.34051192
-86.74000000000001,0.34050655
-86.75,0.3405012
-86.76,0.34049582
-86.77000000000001,0.34049046
-86.78,0.3404851
-86.79,0.34047973
-86.80000000000001,0.3404743
-86.81,0.34046894
-86.82000000000001,0.34046358
-86.83000000000001,0.34045818
-86.84,0.34045285
-86.85000000000001,0.34044746
-86.86000000000001,0.3404421
-86.87,0.34043673
-86.88000000000001,0.3404313
-86.89,0.340426
-86.9,0.3404206
-86.91000000000001,0.34041524
-86.92,0.34040987
-86.93,0.3404045
-86.94000000000001,0.34039915
-86.95,0.3403938
-86.96000000000001,0.34038842
-86.97000000000001,0.34038305
-86.98,0.3403777
-86.99000000000001,0.34037235
-87.0,0.34036696
-87.01,0.34036165
-87.02000000000001,0.34035626
-87.03,0.34035087
-87.04,0.34034553
-87.05000000000001,0.34034014
-87.06,0.34033483
-87.07000000000001,0.34032944
-87.08000000000001,0.3403241
-87.09,0.34031877
-87.10000000000001,0.34031337
-87.11000000000001,0.34030804
-87.12,0.3403027
-87.13000000000001,0.34029734
-87.14,0.34029198
-87.15,0.3402866
-87.16000000000001,0.34028125
-87.17,0.34027594
-87.18,0.34027055
-87.19000000000001,0.34026524
-87.2,0.34025985
-87.21000000000001,0.34025452
-87.22000000000001,0.34024918
-87.23,0.34024382
-87.24000000000001,0.34023845
-87.25,0.34023312
-87.26,0.34022778
-87.27000000000001,0.34022248
-87.28,0.34021708
-87.29,0.34021175
-87.30000000000001,0.34020638
-87.31,0.34020105
-87.32000000000001,0.3401957
-87.33000000000001,0.34019032
-87.34,0.34018505
-87.35000000000001,0.34017968
-87.36000000000001,0.34017432
-87.37,0.340169
-87.38000000000001,0.34016365
-87.39,0.34015828
-87.4,0.34015295
-87.41000000000001,0.34014758
-87.42,0.34014228
-87.43,0.3401369
-87.44000000000001,0.34013158
-87.45,0.34012625
-87.46000000000001,0.3401209
-87.47000000000001,0.3401156
-87.48,0.34011024
-87.49000000000001,0.34010494
-87.5,0.3400996
-87.51,0.34009424
-87.52000000000001,0.3400889
-87.53,0.34008357
-87.54,0.34007823
-87.55000000000001,0.34007293
-87.56,0.3400676
-87.57000000000001,0.3400623
-87.58000000000001,0.34005693
-87.59,0.3400516
-87.60000000000001,0.3400463
-87.61000000000001,0.34004095
-87.62,0.34003562
-87.63000000000001,0.34003028
-87.64,0.34002495
-87.65,0.34001964
-87.66000000000001,0.3400143
-87.67,0.34000897
-87.68,0.34000364
-87.69000000000001,0.33999833
-87.7,0.339993
-87.71000000000001,0.3399877
-87.72000000000001,0.3399824
-87.73,0.33997703
-87.74000000000001,0.33997175
-87.75,0.33996642
-87.76,0.33996105
-87.77000000000001,0.33995575
-87.78,0.33995047
-87.79,0.33994514
-87.80000000000001,0.33993977
-87.81,0.33993447
-87.82000000000001,0.33992916
-87.83000000000001,0.33992386
-87.84,0.33991852
-87.85000000000001,0.33991322
-87.86000000000001,0.3399079
-87.87,0.33990258
-87.88000000000001,0.33989725
-87.89,0.33989197
-87.9,0.33988664
-87.91000000000001,0.33988133
-87.92,0.33987603
-87.93,0.3398707
-87.94000000000001,0.3398654
-87.95,0.33986008
-87.96000000000001,0.33985478
-87.97000000000001,0.33984947
-87.98,0.33984417
-87.99000000000001,0.3398388
-88.0,0.33983356
-88.01,0.33982825
-88.02000000000001,0.33982295
-88.03,0.33981764
-88.04,0.3398123
-88.05000000000001,0.339807
-88.06,0.3398017
-88.07000000000001,0.33979642
-88.08000000000001,0.3397911
-88.09,0.33978578
-88.10000000000001,0.3397805
-88.11000000000001,0.3397752
-88.12,0.33976987
-88.13000000000001,0.33976457
-88.14,0.3397593
-88.15,0.339754
-88.16000000000001,0.33974865
-88.17,0.3397434
-88.18,0.33973807
-88.19000000000001,0.33973283
-88.2,0.3397275
-88.21000000000001,0.33972222
-88.22000000000001,0.33971688
-88.23,0.3397116
-88.24000000000001,0.33970633
-88.25,0.33970103
-88.26,0.33969575
-88.27000000000001,0.33969042
-88.28,0.33968514
-88.29,0.33967984
-88.30000000000001,0.33967456
-88.31,0.3396693
-88.32000000000001,0.339664
-88.33000000000001,0.33965865
-88.34,0.33965337
-88.35000000000001,0.33964813
-88.36000000000001,0.33964282
-88.37,0.33963752
-88.38000000000001,0.33963224
-88.39,0.33962694
-88.4,0.33962166
-88.41000000000001,0.3396164
-88.42,0.3396111
-88.43,0.3396058
-88.44000000000001,0.3396005
-88.45,0.33959523
-88.46000000000001,0.33958995
-88.47000000000001,0.33958465
-88.48,0.33957937
-88.49000000000001,0.3395741
-88.5,0.33956882
-88.51,0.33956355
-88.52000000000001,0.33955824
-88.53,0.339553
-88.54,0.33954772
-88.55000000000001,0.33954245
-88.56,0.33953717
-88.57000000000001,0.3395319
-88.58000000000001,0.3395266
-88.59,0.33952135
-88.60000000000001,0.33951604
-88.61000000000001,0.33951077
-88.62,0.3395055
-88.63000000000001,0.33950022
-88.64,0.33949494
-88.65,0.33948967
-88.66000000000001,0.3394844
-88.67,0.33947915
-88.68,0.33947384
-88.69000000000001,0.3394686
-88.7,0.33946335
-88.71000000000001,0.33945805
-88.72000000000001,0.33945274
-88.73,0.33944753
-88.74000000000001,0.33944225
-88.75,0.33943695
-88.76,0.3394317
-88.77000000000001,0.33942646
-88.78,0.33942115
-88.79,0.3394159
-88.80000000000001,0.3394106
-88.81,0.33940536
-88.82000000000001,0.33940014
-88.83000000000001,0.33939484
-88.84,0.3393896
-88.85000000000001,0.33938435
-88.86000000000001,0.33937907
-88.87,0.33937383
-88.88000000000001,0.33936858
-88.89,0.3393633
-88.9,0.339358
-88.91000000000001,0.3393528
-88.92,0.33934748
-88.93,0.33934227
-88.94000000000001,0.33933702
-88.95,0.33933175
-88.96000000000001,0.33932647
-88.97000000000001,0.3393212
-88.98,0.33931595
-88.99000000000001,0.33931077
-89.0,0.33930546
-89.01,0.33930022
-89.02000000000001,0.33929497
-89.03,0.33928972
-89.04,0.33928448
-89.05000000000001,0.33927917
-89.06,0.33927396
-89.07000000000001,0.3392687
-89.08000000000001,0.33926347
-89.09,0.33925822
-89.10000000000001,0.339253
-89.11000000000001,0.3392477
-89.12,0.3392425
-89.13000000000001,0.3392372
-89.14,0.33923194
-89.15,0.3392267
-89.16000000000001,0.33922145
-89.17,0.3392162
-89.18,0.33921096
-89.19000000000001,0.33920574
-89.2,0.3392005
-89.21000000000001,0.33919525
-89.22000000000001,0.33919
-89.23,0.33918476
-89.24000000000001,0.33917952
-89.25,0.3391743
-89.26,0.33916906
-89.27000000000001,0.33916378
-89.28,0.3391586
-89.29,0.33915335
-89.30000000000001,0.3391481
-89.31,0.33914286
-89.32000000000001,0.3391376
-89.33000000000001,0.3391324
-89.34,0.33912712
-89.35000000000001,0.33912194
-89.36000000000001,0.3391167
-89.37,0.33911145
-89.38000000000001,0.33910623
-89.39,0.339101
-89.4,0.33909574
-89.41000000000001,0.33909053
-89.42,0.33908525
-89.43,0.33908004
-89.44000000000001,0.3390748
-89.45,0.33906958
-89.46000000000001,0.33906436
-89.47000000000001,0.3390591
-89.48,0.33905387
-89.49000000000001,0.33904862
-89.5,0.33904338
-89.51,0.3390382
-89.52000000000001,0.339033
-89.53,0.33902776
-89.54,0.33902252
-89.55000000000001,0.3390173
-89.56,0.33901206
-89.57000000000001,0.33900684
-89.58000000000001,0.33900163
-89.59,0.3389964
-89.60000000000001,0.33899117
-89.61000000000001,0.33898595
-89.62,0.3389807
-89.63000000000001,0.33897555
-89.64,0.33897027
-89.65,0.33896506
-89.66000000000001,0.3389598
-89.67,0.33895463
-89.68,0.3389494
-89.69000000000001,0.3389442
-89.7,0.33893895
-89.71000000000001,0.33893377
-89.72000000000001,0.33892855
-89.73,0.3389233
-89.74000000000001,0.3389181
-89.75,0.33891287
-89.76,0.33890766
-89.77000000000001,0.33890247
-89.78,0.33889726
-89.79,0.338892
-89.80000000000001,0.3388868
-89.81,0.3388816
-89.82000000000001,0.3388764
-89.83000000000001,0.33887118
-89.84,0.33886597
-89.85000000000001,0.33886078
-89.86000000000001,0.33885556
-89.87,0.33885032
-89.88000000000001,0.33884513
-89.89,0.33883995
-89.9,0.33883476
-89.91000000000001,0.33882952
-89.92,0.33882433
-89.93,0.33881915
-89.94000000000001,0.3388139
-89.95,0.33880872
-89.96000000000001,0.3388035
-89.97000000000001,0.3387983
-89.98,0.33879304
-89.99000000000001,0.3387879
-90.0,0.33878267
-90.01,0.33877745
-90.02000000000001,0.3387723
-90.03,0.33876708
-90.04,0.33876193
-90.05000000000001,0.33875668
-90.06,0.33875152
-90.07000000000001,0.3387463
-90.08000000000001,0.3387411
-90.09,0.3387359
-90.10000000000001,0.3387307
-90.11000000000001,0.3387255
-90.12,0.33872032
-90.13000000000001,0.33871514
-90.14,0.33870992
-90.15,0.33870474
-90.16000000000001,0.33869952
-90.17,0.33869433
-90.18,0.33868915
-90.19000000000001,0.33868396
-90.2,0.33867878
-90.21000000000001,0.3386736
-90.22000000000001,0.3386684
-90.23,0.3386632
-90.24000000000001,0.338658
-90.25,0.33865282
-90.26,0.3386476
-90.27000000000001,0.33864245
-90.28,0.33863726
-90.29,0.33863208
-90.30000000000001,0.33862692
-90.31,0.3386217
-90.32000000000001,0.33861652
-90.33000000000001,0.33861133
-90.34,0.33860618
-90.35000000000001,0.33860096
-90.36000000000001,0.33859578
-90.37,0.33859062
-90.38000000000001,0.33858538
-90.39,0.3385802
-90.4,0.33857507
-90.41000000000001,0.33856985
-90.42,0.3385647
-90.43,0.3385595
-90.44000000000001,0.33855426
-90.45,0.33854917
-90.46000000000001,0.33854398
-90.47000000000001,0.3385388
-90.48,0.33853364
-90.49000000000001,0.33852845
-90.5,0.33852327
-90.51,0.33851808
-90.52000000000001,0.3385129
-90.53,0.33850774
-90.54,0.3385026
-90.55000000000001,0.3384974
-90.56,0.33849224
-90.57000000000001,0.33848706
-90.58000000000001,0.33848187
-90.59,0.3384767
-90.60000000000001,0.33847153
-90.61000000000001,0.33846635
-90.62,0.33846122
-90.63000000000001,0.33845603
-90.64,0.33845085
-90.65,0.3384457
-90.66000000000001,0.33844054
-90.67,0.33843535
-90.68,0.3384302
-90.69000000000001,0.33842504
-90.7,0.33841985
-90.71000000000001,0.3384147
-90.72000000000001,0.33840954
-90.73,0.33840436
-90.74000000000001,0.3383992
-90.75,0.33839405
-90.76,0.33838886
-90.77000000000001,0.33838367
-90.78,0.33837855
-90.79,0.33837336
-90.80000000000001,0.3383682
-90.81,0.33836305
-90.82000000000001,0.33835787
-90.83000000000001,0.33835274
-90.84,0.3383476
-90.85000000000001,0.33834243
-90.86000000000001,0.33833727
-90.87,0.33833212
-90.88000000000001,0.33832696
-90.89,0.33832183
-90.9,0.33831665
-90.91000000000001,0.33831152
-90.92,0.3383063
-90.93,0.3383012
-90.94000000000001,0.33829606
-90.95,0.33829093
-90.96000000000001,0.33828574
-90.97000000000001,0.33828062
-90.98,0.33827546
-90.99000000000001,0.3382703
-91.0,0.33826515
-91.01,0.33825997
-91.02000000000001,0.3382548
-91.03,0.33824968
-91.04,0.33824453
-91.05000000000001,0.33823937
-91.06,0.33823425
-91.07000000000001,0.3382291
-91.08000000000001,0.33822393
-91.09,0.33821884
-91.10000000000001,0.33821365
-91.11000000000001,0.3382085
-91.12,0.33820337
-91.13000000000001,0.3381982
-91.14,0.3381931
-91.15,0.33818793
-91.16000000000001,0.3381828
-91.17,0.33817768
-91.18,0.33817255
-91.19000000000001,0.33816737
-91.2,0.33816224
-91.21000000000001,0.33815712
-91.22000000000001,0.33815196
-91.23,0.3381468
-91.24000000000001,0.3381417
-91.25,0.33813655
-91.26,0.33813143
-91.27000000000001,0.33812633
-91.28,0.33812115
-91.29,0.338116
-91.30000000000001,0.3381109
-91.31,0.33810574
-91.32000000000001,0.3381006
-91.33000000000001,0.33809546
-91.34,0.33809033
-91.35000000000001,0.33808523
-91.36000000000001,0.33808008
-91.37,0.33807492
-91.38000000000001,0.33806983
-91.39,0.33806467
-91.4,0.33805957
-91.41000000000001,0.33805442
-91.42,0.3380493
-91.43,0.33804417
-91.44000000000001,0.33803904
-91.45,0.3380339
-91.46000000000001,0.3380288
-91.47000000000001,0.33802366
-91.48,0.33801854
-91.49000000000001,0.3380134
-91.5,0.33800834
-91.51,0.33800316
-91.52000000000001,0.33799803
-91.53,0.33799294
-91.54,0.3379878
-91.55000000000001,0.33798268
-91.56,0.3379776
-91.57000000000001,0.33797243
-91.58000000000001,0.33796728
-91.59,0.33796218
-91.60000000000001,0.3379571
-91.61000000000001,0.33795196
-91.62,0.33794686
-91.63000000000001,0.3379417
-91.64,0.3379366
-91.65,0.3379315
-91.66000000000001,0.33792636
-91.67,0.33792126
-91.68,0.33791614
-91.69000000000001,0.33791104
-91.7,0.33790594
-91.71000000000001,0.3379008
-91.72000000000001,0.3378957
-91.73,0.3378906
-91.74000000000001,0.33788544
-91.75,0.33788037
-91.76,0.33787525
-91.77000000000001,0.33787015
-91.78,0.33786502
-91.79,0.33785993
-91.80000000000001,0.33785486
-91.81,0.33784968
-91.82000000000001,0.33784458
-91.83000000000001,0.33783948
-91.84,0.33783436
-91.85000000000001,0.33782923
-91.86000000000001,0.33782417
-91.87,0.33781904
-91.88000000000001,0.33781394
-91.89,0.33780885
-91.9,0.33780372
-91.91000000000001,0.33779863
-91.92,0.33779353
-91.93,0.33778843
-91.94000000000001,0.33778334
-91.95,0.3377782
-91.96000000000001,0.3377731
-91.97000000000001,0.33776802
-91.98,0.33776295
-91.99000000000001,0.33775783
-92.0,0.3377527
-92.01,0.33774766
-92.02000000000001,0.33774257
-92.03,0.33773744
-92.04,0.33773232
-92.05000000000001,0.33772722
-92.06,0.33772218
-92.07000000000001,0.33771706
-92.08000000000001,0.33771196
-92.09,0.3377069
-92.10000000000001,0.3377018
-92.11000000000001,0.3376967
-92.12,0.33769158
-92.13000000000001,0.33768654
-92.14,0.3376814
-92.15,0.33767632
-92.16000000000001,0.33767125
-92.17,0.33766612
-92.18,0.33766103
-92.19000000000001,0.33765596
-92.2,0.33765087
-92.21000000000001,0.33764577
-92.22000000000001,0.3376407
-92.23,0.33763564
-92.24000000000001,0.3376305
-92.25,0.33762544
-92.26,0.33762035
-92.27000000000001,0.33761525
-92.28,0.3376102
-92.29,0.3376051
-92.30000000000001,0.33760002
-92.31,0.33759493
-92.32000000000001,0.33758983
-92.33000000000001,0.33758473
-92.34,0.33757967
-92.35000000000001,0.3375746
-92.36000000000001,0.33756953
-92.37,0.33756447
-92.38000000000001,0.3375594
-92.39,0.33755428
-92.4,0.3375492
-92.41000000000001,0.3375441
-92.42,0.33753902
-92.43,0.33753395
-92.44000000000001,0.33752888
-92.45,0.33752382
-92.46000000000001,0.33751872
-92.47000000000001,0.33751366
-92.48,0.3375086
-92.49000000000001,0.3375035
-92.5,0.33749843
-92.51,0.3374934
-92.52000000000001,0.3374883
-92.53,0.33748326
-92.54,0.33747816
-92.55000000000001,0.3374731
-92.56,0.33746803
-92.57000000000001,0.33746296
-92.58000000000001,0.33745787
-92.59,0.3374528
-92.60000000000001,0.33744773
-92.61000000000001,0.33744264
-92.62,0.33743757
-92.63000000000001,0.3374325
-92.64,0.3374275
-92.65,0.3374224
-92.66000000000001,0.33741736
-92.67,0.3374123
-92.68,0.33740717
-92.69000000000001,0.33740214
-92.7,0.3373971
-92.71000000000001,0.33739203
-92.72000000000001,0.3373869
-92.73,0.3373819
-92.74000000000001,0.33737683
-92.75,0.33737177
-92.76,0.3373667
-92.77000000000001,0.33736166
-92.78,0.3373566
-92.79,0.33735153
-92.80000000000001,0.33734643
-92.81,0.3373414
-92.82000000000001,0.33733633
-92.83000000000001,0.3373313
-92.84,0.33732623
-92.85000000000001,0.3373212
-92.86000000000001,0.33731613
-92.87,0.3373111
-92.88000000000001,0.33730602
-92.89,0.337301
-92.9,0.33729592
-92.91000000000001,0.33729088
-92.92,0.33728582
-92.93,0.33728078
-92.94000000000001,0.3372757
-92.95,0.33727068
-92.96000000000001,0.3372656
-92.97000000000001,0.3372605
-92.98,0.3372555
-92.99000000000001,0.33725044
-93.0,0.33724537
-93.01,0.33724037
-93.02000000000001,0.3372353
-93.03,0.33723024
-93.04,0.3372252
-93.05000000000001,0.33722016
-93.06,0.3372151
-93.07000000000001,0.33721006
-93.08000000000001,0.33720505
-93.09,0.33719996
-93.10000000000001,0.33719498
-93.11000000000001,0.3371899
-93.12,0.33718485
-93.13000000000001,0.3371798
-93.14,0.3371748
-93.15,0.33716974
-93.16000000000001,0.33716467
-93.17,0.33715963
-93.18,0.3371546
-93.19000000000001,0.33714962
-93.2,0.33714455
-93.21000000000001,0.3371395
-93.22000000000001,0.33713448
-93.23,0.33712944
-93.24000000000001,0.3371244
-93.25,0.33711937
-93.26,0.33711427
-93.27000000000001,0.33710927
-93.28,0.33710426
-93.29,0.33709922
-93.30000000000001,0.3370942
-93.31,0.33708915
-93.32000000000001,0.33708408
-93.33000000000001,0.33707905
-93.34,0.33707404
-93.35000000000001,0.33706903
-93.36000000000001,0.33706397
-93.37,0.33705896
-93.38000000000001,0.33705392
-93.39,0.3370489
-93.4,0.33704385
-93.41000000000001,0.33703887
-93.42,0.3370338
-93.43,0.3370288
-93.44000000000001,0.33702374
-93.45,0.33701876
-93.46000000000001,0.3370137
-93.47000000000001,0.33700868
-93.48,0.33700368
-93.49000000000001,0.33699864
-93.5,0.3369936
-93.51,0.3369886
-93.52000000000001,0.33698356
-93.53,0.33697855
-93.54,0.33697352
-93.55000000000001,0.33696854
-93.56,0.33696347
-93.57000000000001,0.3369585
-93.58000000000001,0.33695346
-93.59,0.33694845
-93.60000000000001,0.33694342
-93.61000000000001,0.33693838
-93.62,0.33693337
-93.63000000000001,0.33692837
-93.64,0.33692336
-93.65,0.33691832
-93.66000000000001,0.3369133
-93.67,0.33690834
-93.68,0.33690333
-93.69000000000001,0.33689827
-93.7,0.33689326
-93.71000000000001,0.33688822
-93.72000000000001,0.33688325
-93.73,0.33687824
-93.74000000000001,0.33687323
-93.75,0.3368682
-93.76,0.33686322
-93.77000000000001,0.3368582
-93.78,0.3368532
-93.79,0.3368482
-93.80000000000001,0.3368432
-93.81,0.33683816
-93.82000000000001,0.33683318
-93.83000000000001,0.33682814
-93.84,0.33682314
-93.85000000000001,0.33681813
-93.86000000000001,0.33681312
-93.87,0.33680806
-93.88000000000001,0.3368031
-93.89,0.33679813
-93.9,0.33679307
-93.91000000000001,0.33678812
-93.92,0.3367831
-93.93,0.33677807
-93.94000000000001,0.33677307
-93.95,0.3367681
-93.96000000000001,0.33676308
-93.97000000000001,0.33675808
-93.98,0.3367531
-93.99000000000001,0.33674812
-94.0,0.3367431
-94.01,0.33673808
-94.02000000000001,0.3367331
-94.03,0.33672813
-94.04,0.33672315
-94.05000000000001,0.33671808
-94.06,0.3367131
-94.07000000000001,0.3367081
-94.08000000000001,0.33670312
-94.09,0.3366981
-94.10000000000001,0.3366931
-94.11000000000001,0.33668813
-94.12,0.33668315
-94.13000000000001,0.33667812
-94.14,0.33667314
-94.15,0.33666813
-94.16000000000001,0.3366632
-94.17,0.33665818
-94.18,0.33665317
-94.19000000000001,0.33664823
-94.2,0.33664322
-94.21000000000001,0.3366382
-94.22000000000001,0.33663327
-94.23,0.33662826
-94.24000000000001,0.33662328
-94.25,0.3366183
-94.26,0.33661333
-94.27000000000001,0.3366083
-94.28,0.33660334
-94.29,0.33659837
-94.30000000000001,0.33659342
-94.31,0.3365884
-94.32000000000001,0.3365834
-94.33000000000001,0.3365784
-94.34,0.33657342
-94.35000000000001,0.33656847
-94.36000000000001,0.3365635
-94.37,0.33655846
-94.38000000000001,0.3365535
-94.39,0.3365485
-94.4,0.33654356
-94.41000000000001,0.3365386
-94.42,0.33653358
-94.43,0.3365286
-94.44000000000001,0.33652365
-94.45,0.33651868
-94.46000000000001,0.3365137
-94.47000000000001,0.33650872
-94.48,0.33650374
-94.49000000000001,0.33649877
-94.5,0.33649385
-94.51,0.3364888
-94.52000000000001,0.33648384
-94.53,0.33647886
-94.54,0.33647388
-94.55000000000001,0.33646894
-94.56,0.33646396
-94.57000000000001,0.33645898
-94.58000000000001,0.336454
-94.59,0.33644903
-94.60000000000001,0.33644408
-94.61000000000001,0.3364391
-94.62,0.33643413
-94.63000000000001,0.33642918
-94.64,0.3364242
-94.65,0.33641922
-94.66000000000001,0.33641428
-94.67,0.33640933
-94.68,0.33640438
-94.69000000000001,0.33639938
-94.7,0.33639443
-94.71000000000001,0.33638948
-94.72000000000001,0.33638448
-94.73,0.33637953
-94.74000000000001,0.33637452
-94.75,0.33636963
-94.76,0.33636463
-94.77000000000001,0.33635968
-94.78,0.33635473
-94.79,0.33634973
-94.80000000000001,0.3363448
-94.81,0.33633983
-94.82000000000001,0.33633488
-94.83000000000001,0.33632994
-94.84,0.336325
-94.85000000000001,0.33632
-94.86000000000001,0.33631507
-94.87,0.33631012
-94.88000000000001,0.33630514
-94.89,0.3363002
-94.9,0.33629525
-94.91000000000001,0.33629027
-94.92,0.33628538
-94.93,0.3362804
-94.94000000000001,0.33627546
-94.95,0.33627045
-94.96000000000001,0.33626556
-94.97000000000001,0.3362606
-94.98,0.3362556
-94.99000000000001,0.3362507
-95.0,0.33624572
-95.01,0.33624077
-95.02000000000001,0.33623585
-95.03,0.33623087
-95.04,0.33622593
-95.05000000000001,0.336221
-95.06,0.33621606
-95.07000000000001,0.3362111
-95.08000000000001,0.33620614
-95.09,0.3362012
-95.10000000000001,0.33619624
-95.11000000000001,0.33619133
-95.12,0.33618638
-95.13000000000001,0.33618146
-95.14,0.3361765
-95.15,0.33617154
-95.16000000000001,0.3361666
-95.17,0.33616167
-95.18,0.3361567
-95.19000000000001,0.3361518
-95.2,0.33614686
-95.21000000000001,0.33614194
-95.22000000000001,0.336137
-95.23,0.33613205
-95.24000000000001,0.33612713
-95.25,0.33612216
-95.26,0.3361172
-95.27000000000001,0.33611226
-95.28,0.33610734
-95.29,0.33610246
-95.30000000000001,0.33609748
-95.31,0.33609256
-95.32000000000001,0.33608758
-95.33000000000001,0.33608267
-95.34,0.33607772
-95.35000000000001,0.33607277
-95.36000000000001,0.33606786
-95.37,0.3360629
-95.38000000000001,0.33605796
-95.39,0.33605304
-95.4,0.33604813
-95.41000000000001,0.3360432
-95.42,0.3360383
-95.43,0.33603334
-95.44000000000001,0.3360284
-95.45,0.3360235
-95.46000000000001,0.33601856
-95.47000000000001,0.33601364
-95.48,0.3360087
-95.49000000000001,0.3360038
-95.5,0.33599886
-95.51,0.33599395
-95.52000000000001,0.33598903
-95.53,0.33598405
-95.54,0.33597916
-95.55000000000001,0.33597425
-95.56,0.33596936
-95.57000000000001,0.3359644
-95.58000000000001,0.3359595
-95.59,0.33595458
-95.60000000000001,0.33594966
-95.61000000000001,0.3359447
-95.62,0.3359398
-95.63000000000001,0.3359349
-95.64,0.33592996
-95.65,0.33592504
-95.66000000000001,0.33592016
-95.67,0.3359152
-95.68,0.3359103
-95.69000000000001,0.3359054
-95.7,0.3359005
-95.71000000000001,0.33589557
-95.72000000000001,0.33589065
-95.73,0.3358857
-95.74000000000001,0.33588082
-95.75000000000001,0.3358759
-95.76,0.335871
-95.77000000000001,0.3358661
-95.78,0.33586118
-95.79,0.33585626
-95.80000000000001,0.33585137
-95.81,0.33584645
-95.82000000000001,0.3358415
-95.83000000000001,0.33583662
-95.84,0.3358317
-95.85000000000001,0.3358268
-95.86000000000001,0.33582193
-95.87,0.335817
-95.88000000000001,0.3358121
-95.89,0.3358072
-95.9,0.33580226
-95.91000000000001,0.33579737
-95.92,0.33579245
-95.93,0.33578756
-95.94000000000001,0.33578262
-95.95,0.33577773
-95.96000000000001,0.33577284
-95.97000000000001,0.33576795
-95.98,0.335763
-95.99000000000001,0.33575812
-96.00000000000001,0.33575323
-96.01,0.33574834
-96.02000000000001,0.33574343
-96.03,0.33573854
-96.04,0.33573362
-96.05000000000001,0.33572873
-96.06,0.33572385
-96.07000000000001,0.335719
-96.08000000000001,0.33571404
-96.09,0.33570915
-96.10000000000001,0.33570424
-96.11000000000001,0.33569938
-96.12,0.33569443
-96.13000000000001,0.33568957
-96.14,0.3356847
-96.15,0.33567977
-96.16000000000001,0.3356749
-96.17,0.33567002
-96.18,0.33566514
-96.19000000000001,0.3356602
-96.2,0.3356553
-96.21000000000001,0.33565044
-96.22000000000001,0.33564556
-96.23,0.33564067
-96.24000000000001,0.33563575
-96.25000000000001,0.3356309
-96.26,0.335626
-96.27000000000001,0.33562112
-96.28,0.33561623
-96.29,0.3356113
-96.30000000000001,0.33560646
-96.31,0.33560154
-96.32000000000001,0.33559668
-96.33000000000001,0.3355918
-96.34,0.3355869
-96.35000000000001,0.33558202
-96.36000000000001,0.33557713
-96.37,0.33557227
-96.38000000000001,0.33556736
-96.39,0.33556253
-96.4,0.33555758
-96.41000000000001,0.3355527
-96.42,0.33554786
-96.43,0.33554298
-96.44000000000001,0.3355381
-96.45,0.33553323
-96.46000000000001,0.3355283
-96.47000000000001,0.33552343
-96.48,0.33551854
-96.49000000000001,0.33551368
-96.50000000000001,0.33550882
-96.51,0.3355039
-96.52000000000001,0.33549908
-96.53,0.33549416
-96.54,0.33548927
-96.55000000000001,0.33548442
-96.56,0.33547953
-96.57000000000001,0.33547467
-96.58000000000001,0.3354698
-96.59,0.33546492
-96.60000000000001,0.33546007
-96.61000000000001,0.3354552
-96.62,0.3354503
-96.63000000000001,0.33544546
-96.64,0.33544058
-96.65,0.3354357
-96.66000000000001,0.3354308
-96.67,0.33542597
-96.68,0.33542112
-96.69000000000001,0.33541623
-96.7,0.33541137
-96.71000000000001,0.33540648
-96.72000000000001,0.33540165
-96.73,0.33539677
-96.74000000000001,0.3353919
-96.75000000000001,0.33538702
-96.76,0.33538216
-96.77000000000001,0.3353773
-96.78,0.33537245
-96.79,0.3353676
-96.80000000000001,0.33536273
-96.81,0.33535787
-96.82000000000001,0.33535302
-96.83000000000001,0.3353482
-96.84,0.33534333
-96.85000000000001,0.3353384
-96.86000000000001,0.33533356
-96.87,0.3353287
-96.88000000000001,0.33532384
-96.89,0.33531898
-96.9,0.3353141
-96.91000000000001,0.33530924
-96.92,0.33530438
-96.93,0.33529955
-96.94000000000001,0.33529466
-96.95,0.3352898
-96.96000000000001,0.33528498
-96.97000000000001,0.33528012
-96.98,0.33527526
-96.99000000000001,0.3352704
-97.00000000000001,0.33526558
-97.01,0.33526075
-97.02000000000001,0.33525586
-97.03,0.33525103
-97.04,0.33524615
-97.05000000000001,0.33524132
-97.06,0.33523646
-97.07000000000001,0.3352316
-97.08000000000001,0.33522677
-97.09,0.33522195
-97.10000000000001,0.3352171
-97.11000000000001,0.33521223
-97.12,0.3352074
-97.13000000000001,0.33520252
-97.14,0.3351977
-97.15,0.33519283
-97.16000000000001,0.335188
-97.17,0.33518314
-97.18,0.33517832
-97.19000000000001,0.33517343
-97.2,0.3351686
-97.21000000000001,0.33516374
-97.22000000000001,0.33515894
-97.23,0.3351541
-97.24000000000001,0.33514923
-97.25000000000001,0.33514437
-97.26,0.33513954
-97.27000000000001,0.33513469
-97.28,0.33512986
-97.29,0.33512503
-97.30000000000001,0.33512017
-97.31,0.33511537
-97.32000000000001,0.33511055
-97.33000000000001,0.3351057
-97.34,0.33510086
-97.35000000000001,0.335096
-97.36000000000001,0.33509117
-97.37,0.33508635
-97.38000000000001,0.3350815
-97.39,0.33507666
-97.4,0.3350718
-97.41000000000001,0.33506703
-97.42,0.33506218
-97.43,0.33505735
-97.44000000000001,0.3350525
-97.45,0.33504766
-97.46000000000001,0.33504283
-97.47000000000001,0.335038
-97.48,0.33503318
-97.49000000000001,0.33502835
-97.50000000000001,0.3350235
-97.51,0.33501866
-97.52000000000001,0.33501387
-97.53,0.33500904
-97.54,0.33500418
-97.55000000000001,0.33499935
-97.56,0.33499455
-97.57000000000001,0.33498973
-97.58000000000001,0.3349849
-97.59,0.3349801
-97.60000000000001,0.33497524
-97.61000000000001,0.3349704
-97.62,0.3349656
-97.63000000000001,0.33496076
-97.64,0.33495593
-97.65,0.33495113
-97.66000000000001,0.33494633
-97.67,0.33494148
-97.68,0.33493665
-97.69000000000001,0.33493185
-97.7,0.33492702
-97.71000000000001,0.3349222
-97.72000000000001,0.3349174
-97.73,0.33491254
-97.74000000000001,0.33490777
-97.75000000000001,0.3349029
-97.76,0.33489808
-97.77000000000001,0.3348933
-97.78,0.3348885
-97.79,0.3348837
-97.80000000000001,0.33487886
-97.81,0.33487397
-97.82000000000001,0.3348692
-97.83000000000001,0.33486438
-97.84,0.3348596
-97.85000000000001,0.3348548
-97.86000000000001,0.33484995
-97.87,0.3348452
-97.88000000000001,0.33484033
-97.89,0.33483553
-97.9,0.3348307
-97.91000000000001,0.33482587
-97.92,0.3348211
-97.93,0.33481628
-97.94000000000001,0.33481148
-97.95,0.33480668
-97.96000000000001,0.33480182
-97.97000000000001,0.33479705
-97.98,0.33479226
-97.99000000000001,0.33478743
-98.00000000000001,0.3347826
-98.01,0.33477783
-98.02000000000001,0.33477303
-98.03,0.3347682
-98.04,0.3347634
-98.05000000000001,0.33475858
-98.06,0.33475384
-98.07000000000001,0.334749
-98.08000000000001,0.3347442
-98.09,0.3347394
-98.10000000000001,0.33473456
-98.11000000000001,0.33472982
-98.12,0.334725
-98.13000000000001,0.3347202
-98.14,0.33471537
-98.15,0.3347106
-98.16000000000001,0.3347058
-98.17,0.33470103
-98.18,0.33469623
-98.19000000000001,0.3346914
-98.2,0.33468658
-98.21000000000001,0.33468184
-98.22000000000001,0.33467704
-98.23,0.33467224
-98.24000000000001,0.33466744
-98.25000000000001,0.33466265
-98.26,0.33465785
-98.27000000000001,0.33465305
-98.28,0.33464828
-98.29,0.33464348
-98.30000000000001,0.33463866
-98.31,0.3346339
-98.32000000000001,0.33462912
-98.33000000000001,0.33462432
-98.34,0.33461952
-98.35000000000001,0.33461475
-98.36000000000001,0.33460996
-98.37,0.33460516
-98.38000000000001,0.33460036
-98.39,0.33459556
-98.4,0.3345908
-98.41000000000001,0.33458602
-98.42,0.33458126
-98.43,0.33457643
-98.44000000000001,0.3345717
-98.45,0.3345669
-98.46000000000001,0.3345621
-98.47000000000001,0.3345573
-98.48,0.3345525
-98.49000000000001,0.3345477
-98.50000000000001,0.33454293
-98.51,0.33453816
-98.52000000000001,0.33453336
-98.53,0.3345286
-98.54,0.3345238
-98.55000000000001,0.33451903
-98.56,0.3345143
-98.57000000000001,0.3345095
-98.58000000000001,0.33450472
-98.59,0.33449993
-98.60000000000001,0.33449516
-98.61000000000001,0.33449036
-98.62,0.3344856
-98.63000000000001,0.33448085
-98.64,0.33447605
-98.65,0.33447126
-98.66000000000001,0.3344665
-98.67,0.33446172
-98.68,0.33445695
-98.69000000000001,0.33445218
-98.7,0.33444738
-98.71000000000001,0.3344426
-98.72000000000001,0.33443785
-98.73,0.33443305
-98.74000000000001,0.33442834
-98.75000000000001,0.33442354
-98.76,0.33441877
-98.77000000000001,0.334414
-98.78,0.3344092
-98.79,0.3344044
-98.80000000000001,0.33439967
-98.81,0.3343949
-98.82000000000001,0.33439013
-98.83000000000001,0.33438537
-98.84,0.3343806
-98.85000000000001,0.33437583
-98.86000000000001,0.33437103
-98.87,0.33436626
-98.88000000000001,0.3343615
-98.89,0.33435678
-98.9,0.33435202
-98.91000000000001,0.33434722
-98.92,0.33434248
-98.93,0.3343377
-98.94000000000001,0.33433297
-98.95,0.3343282
-98.96000000000001,0.33432347
-98.97000000000001,0.33431867
-98.98,0.3343139
-98.99000000000001,0.33430916
-99.00000000000001,0.3343044
-99.01,0.33429962
-99.02000000000001,0.33429492
-99.03,0.33429015
-99.04,0.33428538
-99.05000000000001,0.3342806
-99.06,0.33427584
-99.07000000000001,0.3342711
-99.08000000000001,0.33426633
-99.09,0.3342616
-99.10000000000001,0.33425683
-99.11000000000001,0.33425206
-99.12,0.3342473
-99.13000000000001,0.33424258
-99.14,0.3342378
-99.15,0.33423305
-99.16000000000001,0.33422828
-99.17,0.33422357
-99.18,0.3342188
-99.19000000000001,0.33421403
-99.2,0.3342093
-99.21000000000001,0.33420452
-99.22000000000001,0.3341998
-99.23,0.33419508
-99.24000000000001,0.3341903
-99.25000000000001,0.33418557
-99.26,0.33418083
-99.27000000000001,0.3341761
-99.28,0.33417132
-99.29,0.3341666
-99.30000000000001,0.33416185
-99.31,0.3341571
-99.32000000000001,0.33415234
-99.33000000000001,0.33414763
-99.34,0.33414286
-99.35000000000001,0.3341381
-99.36000000000001,0.33413336
-99.37,0.33412862
-99.38000000000001,0.33412385
-99.39,0.33411914
-99.4,0.3341144
-99.41000000000001,0.33410966
-99.42,0.33410493
-99.43,0.3341002
-99.44000000000001,0.33409542
-99.45,0.3340907
-99.46000000000001,0.33408597
-99.47000000000001,0.3340812
-99.48,0.33407646
-99.49000000000001,0.33407173
-99.50000000000001,0.33406702
-99.51,0.33406228
-99.52000000000001,0.33405754
-99.53,0.33405283
-99.54,0.33404806
-99.55000000000001,0.33404335
-99.56,0.3340386
-99.57000000000001,0.33403385
-99.58000000000001,0.33402917
-99.59,0.3340244
-99.60000000000001,0.33401972
-99.61000000000001,0.33401495
-99.62,0.3340102
-99.63000000000001,0.3340055
-99.64,0.3340008
-99.65,0.33399606
-99.66000000000001,0.3339913
-99.67,0.33398658
-99.68,0.33398184
-99.69000000000001,0.3339771
-99.7,0.33397236
-99.71000000000001,0.3339677
-99.72000000000001,0.33396298
-99.73,0.3339582
-99.74000000000001,0.3339535
-99.75000000000001,0.33394882
-99.76,0.33394402
-99.77000000000001,0.3339393
-99.78,0.3339346
-99.79,0.33392987
-99.80000000000001,0.3339252
-99.81,0.33392042
-99.82000000000001,0.3339157
-99.83000000000001,0.33391097
-99.84,0.33390623
-99.85000000000001,0.33390155
-99.86000000000001,0.33389685
-99.87,0.33389208
-99.88000000000001,0.33388743
-99.89,0.33388263
-99.9,0.33387792
-99.91000000000001,0.3338732
-99.92,0.3338685
-99.93,0.3338638
-99.94000000000001,0.3338591
-99.95,0.33385435
-99.96000000000001,0.33384967
-99.97000000000001,0.33384496
-99.98,0.3338402
-99.99000000000001,0.33383548
-100.00000000000001,0.33383077
