psi,theta
-0.01,0.42983693
-0.02,0.42983454
-0.03,0.42983216
-0.04,0.4298297
-0.05,0.42982727
-0.060000000000000005,0.4298247
-0.06999999999999999,0.42982212
-0.08,0.42981946
-0.09,0.42981678
-0.09999999999999999,0.42981404
-0.11,0.4298112
-0.12,0.42980835
-0.13,0.42980543
-0.14,0.42980248
-0.15000000000000002,0.42979944
-0.16,0.42979634
-0.17,0.42979318
-0.18000000000000002,0.42978996
-0.19,0.42978668
-0.2,0.42978334
-0.21000000000000002,0.42977995
-0.22,0.4297765
-0.23,0.42977294
-0.24000000000000002,0.42976937
-0.25,0.42976573
-0.26,0.429762
-0.27,0.42975822
-0.28,0.4297544
-0.29000000000000004,0.4297505
-0.3,0.42974654
-0.31,0.4297425
-0.32,0.42973837
-0.33,0.42973423
-0.34,0.42972997
-0.35000000000000003,0.42972565
-0.36000000000000004,0.4297213
-0.37,0.42971683
-0.38,0.4297123
-0.39,0.42970774
-0.4,0.42970306
-0.41000000000000003,0.42969835
-0.42000000000000004,0.42969355
-0.43,0.4296887
-0.44,0.42968374
-0.45,0.42967874
-0.46,0.42967367
-0.47000000000000003,0.4296685
-0.48000000000000004,0.42966327
-0.49,0.42965794
-0.5,0.42965257
-0.51,0.42964715
-0.52,0.4296416
-0.53,0.42963603
-0.54,0.42963034
-0.55,0.4296246
-0.56,0.42961878
-0.5700000000000001,0.42961285
-0.5800000000000001,0.42960685
-0.59,0.42960083
-0.6,0.4295947
-0.61,0.4295885
-0.62,0.42958218
-0.63,0.42957583
-0.64,0.4295694
-0.65,0.42956287
-0.66,0.42955628
-0.67,0.4295496
-0.68,0.42954284
-0.6900000000000001,0.42953604
-0.7000000000000001,0.4295291
-0.7100000000000001,0.42952213
-0.72,0.42951506
-0.73,0.4295079
-0.74,0.4295007
-0.75,0.42949337
-0.76,0.429486
-0.77,0.42947856
-0.78,0.42947102
-0.79,0.42946336
-0.8,0.4294557
-0.81,0.4294479
-0.8200000000000001,0.42944002
-0.8300000000000001,0.4294321
-0.8400000000000001,0.42942405
-0.85,0.42941594
-0.86,0.42940778
-0.87,0.42939952
-0.88,0.4293912
-0.89,0.42938274
-0.9,0.42937425
-0.91,0.42936566
-0.92,0.429357
-0.93,0.4293483
-0.9400000000000001,0.4293394
-0.9500000000000001,0.42933053
-0.9600000000000001,0.42932153
-0.97,0.42931247
-0.98,0.42930335
-0.99,0.4292941
-1.0,0.4292848
-1.01,0.42927545
-1.02,0.42926595
-1.03,0.4292564
-1.04,0.42924678
-1.05,0.42923707
-1.06,0.42922732
-1.07,0.42921746
-1.08,0.4292075
-1.09,0.4291975
-1.1,0.4291874
-1.11,0.42917722
-1.12,0.42916694
-1.1300000000000001,0.4291566
-1.1400000000000001,0.42914623
-1.1500000000000001,0.42913574
-1.1600000000000001,0.42912513
-1.17,0.42911452
-1.18,0.42910376
-1.19,0.42909294
-1.2,0.4290821
-1.21,0.42907113
-1.22,0.4290601
-1.23,0.42904896
-1.24,0.4290378
-1.25,0.42902654
-1.26,0.42901522
-1.27,0.42900378
-1.28,0.42899227
-1.29,0.4289807
-1.3,0.4289691
-1.31,0.42895734
-1.32,0.42894554
-1.33,0.42893368
-1.34,0.42892176
-1.35,0.42890972
-1.36,0.42889765
-1.37,0.42888546
-1.3800000000000001,0.42887324
-1.3900000000000001,0.4288609
-1.4000000000000001,0.42884856
-1.4100000000000001,0.42883605
-1.42,0.42882356
-1.43,0.42881095
-1.44,0.42879826
-1.45,0.4287855
-1.46,0.4287727
-1.47,0.4287598
-1.48,0.42874685
-1.49,0.42873383
-1.5,0.4287207
-1.51,0.42870754
-1.52,0.4286943
-1.53,0.42868102
-1.54,0.42866763
-1.55,0.4286542
-1.56,0.42864066
-1.57,0.42862707
-1.58,0.42861342
-1.59,0.42859972
-1.6,0.42858592
-1.61,0.42857206
-1.62,0.42855814
-1.6300000000000001,0.42854416
-1.6400000000000001,0.4285301
-1.6500000000000001,0.42851597
-1.6600000000000001,0.4285018
-1.6700000000000002,0.42848754
-1.68,0.42847323
-1.69,0.42845887
-1.7,0.42844445
-1.71,0.4284299
-1.72,0.42841536
-1.73,0.4284007
-1.74,0.42838603
-1.75,0.42837125
-1.76,0.42835644
-1.77,0.42834157
-1.78,0.4283266
-1.79,0.4283116
-1.8,0.42829657
-1.81,0.42828143
-1.82,0.42826623
-1.83,0.42825097
-1.84,0.42823565
-1.85,0.4282203
-1.86,0.42820486
-1.87,0.4281894
-1.8800000000000001,0.42817384
-1.8900000000000001,0.42815825
-1.9000000000000001,0.42814258
-1.9100000000000001,0.42812687
-1.9200000000000002,0.42811108
-1.93,0.42809528
-1.94,0.42807937
-1.95,0.42806345
-1.96,0.42804745
-1.97,0.42803138
-1.98,0.42801526
-1.99,0.4279991
-2.0,0.42798293
-2.01,0.4279666
-2.02,0.4279503
-2.03,0.42793393
-2.04,0.42791748
-2.05,0.427901
-2.0599999999999996,0.42788446
-2.07,0.4278679
-2.0799999999999996,0.42785123
-2.09,0.42783457
-2.0999999999999996,0.4278178
-2.11,0.427801
-2.1199999999999997,0.42778414
-2.13,0.42776728
-2.1399999999999997,0.42775032
-2.15,0.42773333
-2.1599999999999997,0.42771626
-2.17,0.42769918
-2.1799999999999997,0.42768204
-2.19,0.42766485
-2.1999999999999997,0.4276476
-2.21,0.42763034
-2.2199999999999998,0.42761296
-2.23,0.42759562
-2.2399999999999998,0.42757818
-2.25,0.4275607
-2.26,0.42754316
-2.27,0.4275256
-2.28,0.427508
-2.29,0.42749035
-2.3,0.42747265
-2.31,0.4274549
-2.32,0.4274371
-2.3299999999999996,0.42741922
-2.34,0.42740136
-2.3499999999999996,0.42738342
-2.36,0.42736545
-2.3699999999999997,0.42734742
-2.38,0.4273294
-2.3899999999999997,0.4273113
-2.4,0.42729318
-2.4099999999999997,0.42727497
-2.42,0.42725673
-2.4299999999999997,0.42723846
-2.44,0.42722017
-2.4499999999999997,0.4272018
-2.46,0.4271834
-2.4699999999999998,0.42716497
-2.48,0.4271465
-2.4899999999999998,0.42712802
-2.5,0.42710948
-2.51,0.42709085
-2.52,0.4270722
-2.53,0.42705354
-2.54,0.42703483
-2.55,0.42701614
-2.56,0.42699733
-2.57,0.42697847
-2.5799999999999996,0.42695963
-2.59,0.42694074
-2.5999999999999996,0.42692178
-2.61,0.42690283
-2.6199999999999997,0.42688382
-2.63,0.42686474
-2.6399999999999997,0.42684567
-2.65,0.42682654
-2.6599999999999997,0.42680737
-2.67,0.4267882
-2.6799999999999997,0.42676896
-2.69,0.4267497
-2.6999999999999997,0.4267304
-2.71,0.42671108
-2.7199999999999998,0.4266917
-2.73,0.4266723
-2.7399999999999998,0.42665285
-2.75,0.42663336
-2.76,0.42661393
-2.77,0.42659435
-2.78,0.42657477
-2.79,0.4265552
-2.8,0.42653555
-2.81,0.42651588
-2.82,0.42649615
-2.8299999999999996,0.42647642
-2.84,0.42645663
-2.8499999999999996,0.42643684
-2.86,0.42641705
-2.8699999999999997,0.42639714
-2.88,0.4263773
-2.8899999999999997,0.42635733
-2.9,0.42633736
-2.9099999999999997,0.4263174
-2.92,0.42629737
-2.9299999999999997,0.42627734
-2.94,0.42625722
-2.9499999999999997,0.42623714
-2.96,0.42621696
-2.9699999999999998,0.4261968
-2.98,0.4261766
-2.9899999999999998,0.42615637
-3.0,0.42613614
-3.01,0.42611584
-3.02,0.42609552
-3.03,0.42607516
-3.04,0.42605478
-3.05,0.4260344
-3.06,0.42601395
-3.07,0.4259935
-3.08,0.425973
-3.09,0.42595246
-3.0999999999999996,0.42593193
-3.11,0.4259113
-3.1199999999999997,0.42589077
-3.13,0.42587012
-3.1399999999999997,0.42584947
-3.15,0.4258288
-3.1599999999999997,0.42580807
-3.17,0.42578733
-3.1799999999999997,0.4257666
-3.19,0.4257458
-3.1999999999999997,0.42572498
-3.21,0.42570412
-3.2199999999999998,0.42568326
-3.23,0.42566234
-3.2399999999999998,0.42564142
-3.25,0.4256205
-3.26,0.42559952
-3.27,0.4255785
-3.28,0.4255575
-3.29,0.4255364
-3.3,0.42551532
-3.31,0.42549425
-3.32,0.4254731
-3.33,0.425452
-3.34,0.42543077
-3.3499999999999996,0.42540956
-3.36,0.42538837
-3.3699999999999997,0.42536712
-3.38,0.42534584
-3.3899999999999997,0.42532453
-3.4,0.4253032
-3.4099999999999997,0.42528188
-3.42,0.42526048
-3.4299999999999997,0.4252391
-3.44,0.42521763
-3.4499999999999997,0.42519623
-3.46,0.42517474
-3.4699999999999998,0.42515326
-3.48,0.42513174
-3.4899999999999998,0.42511022
-3.5,0.42508864
-3.51,0.42506707
-3.52,0.42504543
-3.53,0.4250238
-3.54,0.42500216
-3.55,0.4249805
-3.56,0.4249588
-3.57,0.42493707
-3.58,0.4249153
-3.59,0.42489356
-3.5999999999999996,0.42487174
-3.61,0.42484993
-3.6199999999999997,0.4248281
-3.63,0.42480624
-3.6399999999999997,0.42478436
-3.65,0.4247625
-3.6599999999999997,0.42474055
-3.67,0.42471856
-3.6799999999999997,0.42469662
-3.69,0.42467463
-3.6999999999999997,0.4246526
-3.71,0.42463058
-3.7199999999999998,0.42460853
-3.73,0.42458642
-3.7399999999999998,0.42456436
-3.75,0.42454222
-3.76,0.4245201
-3.77,0.4244979
-3.78,0.42447573
-3.79,0.4244535
-3.8,0.4244313
-3.81,0.42440903
-3.82,0.4243868
-3.83,0.4243645
-3.84,0.4243422
-3.8499999999999996,0.42431986
-3.86,0.42429748
-3.8699999999999997,0.4242751
-3.88,0.4242527
-3.8899999999999997,0.4242303
-3.9,0.42420784
-3.9099999999999997,0.4241854
-3.92,0.42416295
-3.9299999999999997,0.42414042
-3.94,0.4241179
-3.9499999999999997,0.42409536
-3.96,0.4240728
-3.9699999999999998,0.42405024
-3.98,0.42402762
-3.9899999999999998,0.424005
-4.0,0.42398235
-4.01,0.4239597
-4.02,0.42393702
-4.03,0.42391428
-4.04,0.42389157
-4.05,0.42386883
-4.06,0.42384607
-4.07,0.4238233
-4.08,0.42380047
-4.09,0.42377767
-4.1,0.4237548
-4.109999999999999,0.42373198
-4.12,0.4237091
-4.13,0.4236862
-4.14,0.42366326
-4.1499999999999995,0.4236403
-4.16,0.42361736
-4.17,0.42359436
-4.18,0.42357135
-4.1899999999999995,0.42354837
-4.2,0.42352527
-4.21,0.4235022
-4.22,0.42347914
-4.2299999999999995,0.42345604
-4.24,0.42343295
-4.25,0.42340982
-4.26,0.42338663
-4.27,0.42336345
-4.28,0.42334026
-4.29,0.42331704
-4.3,0.42329383
-4.31,0.42327055
-4.32,0.42324728
-4.33,0.423224
-4.34,0.42320067
-4.35,0.42317733
-4.36,0.423154
-4.37,0.42313063
-4.38,0.42310724
-4.39,0.4230838
-4.3999999999999995,0.42306042
-4.41,0.42303693
-4.42,0.42301345
-4.43,0.42299
-4.4399999999999995,0.42296648
-4.45,0.422943
-4.46,0.42291945
-4.47,0.42289585
-4.4799999999999995,0.42287225
-4.49,0.4228487
-4.5,0.42282504
-4.51,0.42280143
-4.52,0.42277777
-4.53,0.4227541
-4.54,0.42273042
-4.55,0.42270666
-4.56,0.42268294
-4.57,0.4226592
-4.58,0.4226354
-4.59,0.42261162
-4.6,0.4225878
-4.61,0.42256397
-4.62,0.42254013
-4.63,0.4225163
-4.64,0.42249238
-4.6499999999999995,0.4224685
-4.66,0.42244458
-4.67,0.42242065
-4.68,0.42239666
-4.6899999999999995,0.4223727
-4.7,0.42234868
-4.71,0.42232466
-4.72,0.42230064
-4.7299999999999995,0.42227662
-4.74,0.42225254
-4.75,0.42222846
-4.76,0.42220438
-4.77,0.42218024
-4.78,0.42215604
-4.79,0.4221319
-4.8,0.4221077
-4.81,0.42208353
-4.82,0.4220593
-4.83,0.42203504
-4.84,0.42201084
-4.85,0.42198652
-4.86,0.42196223
-4.87,0.42193794
-4.88,0.4219136
-4.89,0.42188925
-4.8999999999999995,0.4218649
-4.91,0.4218405
-4.92,0.4218161
-4.93,0.42179167
-4.9399999999999995,0.4217672
-4.95,0.42174277
-4.96,0.4217183
-4.97,0.4216938
-4.9799999999999995,0.42166924
-4.99,0.42164475
-5.0,0.4216202
-5.01,0.42159557
-5.02,0.42157102
-5.03,0.4215464
-5.04,0.42152178
-5.05,0.42149717
-5.06,0.4214725
-5.07,0.42144778
-5.08,0.4214231
-5.09,0.42139837
-5.1,0.4213736
-5.11,0.42134887
-5.12,0.4213241
-5.13,0.42129934
-5.14,0.42127448
-5.1499999999999995,0.4212497
-5.16,0.42122483
-5.17,0.42119998
-5.18,0.42117506
-5.1899999999999995,0.4211502
-5.2,0.42112526
-5.21,0.42110038
-5.22,0.4210754
-5.2299999999999995,0.4210504
-5.24,0.42102543
-5.25,0.42100042
-5.26,0.4209754
-5.27,0.42095032
-5.28,0.42092526
-5.29,0.42090017
-5.3,0.42087504
-5.31,0.42084998
-5.32,0.42082483
-5.33,0.42079967
-5.34,0.42077452
-5.35,0.4207493
-5.36,0.4207241
-5.37,0.42069888
-5.38,0.4206736
-5.39,0.42064834
-5.3999999999999995,0.42062306
-5.41,0.42059776
-5.42,0.42057246
-5.43,0.42054713
-5.4399999999999995,0.42052174
-5.45,0.42049637
-5.46,0.42047098
-5.47,0.4204456
-5.4799999999999995,0.42042017
-5.49,0.4203947
-5.5,0.42036927
-5.51,0.42034376
-5.52,0.4203183
-5.53,0.42029274
-5.54,0.42026722
-5.55,0.42024165
-5.56,0.42021608
-5.57,0.4201905
-5.58,0.42016488
-5.59,0.42013928
-5.6,0.42011365
-5.61,0.420088
-5.62,0.4200623
-5.63,0.42003655
-5.64,0.42001086
-5.6499999999999995,0.41998515
-5.66,0.4199594
-5.67,0.41993362
-5.68,0.41990787
-5.6899999999999995,0.41988206
-5.7,0.41985622
-5.71,0.41983038
-5.72,0.41980454
-5.7299999999999995,0.41977865
-5.74,0.41975275
-5.75,0.41972685
-5.76,0.41970092
-5.77,0.41967496
-5.78,0.419649
-5.79,0.41962302
-5.8,0.41959703
-5.81,0.41957104
-5.82,0.419545
-5.83,0.41951895
-5.84,0.41949287
-5.85,0.4194668
-5.86,0.4194407
-5.87,0.41941458
-5.88,0.4193884
-5.89,0.41936225
-5.8999999999999995,0.41933608
-5.91,0.41930988
-5.92,0.4192837
-5.93,0.41925746
-5.9399999999999995,0.41923124
-5.95,0.41920495
-5.96,0.41917866
-5.97,0.4191524
-5.9799999999999995,0.41912606
-5.99,0.41909972
-6.0,0.4190734
-6.01,0.41904706
-6.02,0.41902065
-6.03,0.41899425
-6.04,0.4189678
-6.05,0.41894138
-6.06,0.41891494
-6.07,0.41888845
-6.08,0.418862
-6.09,0.41883546
-6.1,0.41880894
-6.11,0.4187824
-6.12,0.4187559
-6.13,0.4187293
-6.14,0.4187027
-6.15,0.41867608
-6.16,0.41864946
-6.17,0.41862282
-6.18,0.41859615
-6.1899999999999995,0.41856948
-6.2,0.4185428
-6.21,0.41851607
-6.22,0.4184894
-6.2299999999999995,0.4184626
-6.24,0.4184358
-6.25,0.41840905
-6.26,0.4183823
-6.27,0.41835546
-6.28,0.41832864
-6.29,0.41830176
-6.3,0.41827488
-6.31,0.41824806
-6.32,0.41822115
-6.33,0.41819423
-6.34,0.4181673
-6.35,0.41814032
-6.36,0.41811335
-6.37,0.4180864
-6.38,0.4180594
-6.39,0.4180324
-6.4,0.41800535
-6.41,0.41797832
-6.42,0.4179513
-6.43,0.41792417
-6.4399999999999995,0.41789705
-6.45,0.41787
-6.46,0.41784284
-6.47,0.4178157
-6.4799999999999995,0.4177885
-6.49,0.41776133
-6.5,0.41773412
-6.51,0.4177069
-6.52,0.4176797
-6.53,0.41765243
-6.54,0.4176252
-6.55,0.4175979
-6.56,0.4175706
-6.57,0.4175433
-6.58,0.41751593
-6.59,0.41748857
-6.6,0.41746122
-6.61,0.4174339
-6.62,0.4174065
-6.63,0.41737908
-6.64,0.41735163
-6.65,0.4173242
-6.66,0.4172967
-6.67,0.41726923
-6.68,0.41724178
-6.6899999999999995,0.4172142
-6.7,0.4171867
-6.71,0.41715917
-6.72,0.41713166
-6.7299999999999995,0.41710404
-6.74,0.41707647
-6.75,0.41704887
-6.76,0.41702127
-6.77,0.41699362
-6.78,0.41696596
-6.79,0.4169383
-6.8,0.41691062
-6.81,0.4168829
-6.82,0.41685522
-6.83,0.41682747
-6.84,0.4167997
-6.85,0.41677195
-6.86,0.41674417
-6.87,0.41671637
-6.88,0.41668856
-6.89,0.41666076
-6.9,0.4166329
-6.91,0.41660506
-6.92,0.41657716
-6.93,0.4165493
-6.9399999999999995,0.4165214
-6.95,0.41649348
-6.96,0.41646552
-6.97,0.41643763
-6.9799999999999995,0.4164096
-6.99,0.4163816
-7.0,0.4163536
-7.01,0.41632563
-7.02,0.41629755
-7.03,0.41626954
-7.04,0.41624147
-7.05,0.41621342
-7.06,0.41618532
-7.07,0.41615725
-7.08,0.41612908
-7.09,0.41610098
-7.1,0.41607285
-7.11,0.41604468
-7.12,0.41601646
-7.13,0.41598827
-7.14,0.41596007
-7.15,0.41593185
-7.16,0.41590363
-7.17,0.41587535
-7.18,0.4158471
-7.1899999999999995,0.4158188
-7.2,0.4157905
-7.21,0.4157622
-7.22,0.41573384
-7.2299999999999995,0.4157055
-7.24,0.41567716
-7.25,0.41564876
-7.26,0.4156204
-7.27,0.41559198
-7.28,0.41556358
-7.29,0.41553512
-7.3,0.41550672
-7.31,0.41547823
-7.32,0.41544974
-7.33,0.41542128
-7.34,0.41539276
-7.35,0.41536424
-7.36,0.41533569
-7.37,0.41530713
-7.38,0.41527855
-7.39,0.41525
-7.4,0.4152214
-7.41,0.41519284
-7.42,0.41516423
-7.43,0.41513556
-7.4399999999999995,0.4151069
-7.45,0.41507825
-7.46,0.41504955
-7.47,0.41502088
-7.4799999999999995,0.4149922
-7.49,0.41496345
-7.5,0.4149347
-7.51,0.41490597
-7.52,0.41487724
-7.53,0.41484845
-7.54,0.41481966
-7.55,0.41479087
-7.56,0.41476202
-7.57,0.41473317
-7.58,0.41470438
-7.59,0.4146755
-7.6,0.41464663
-7.61,0.41461772
-7.62,0.41458887
-7.63,0.4145599
-7.64,0.414531
-7.65,0.41450205
-7.66,0.41447312
-7.67,0.41444415
-7.68,0.41441512
-7.6899999999999995,0.41438615
-7.7,0.41435713
-7.71,0.41432813
-7.72,0.41429913
-7.7299999999999995,0.41427004
-7.74,0.414241
-7.75,0.41421193
-7.76,0.41418284
-7.77,0.41415372
-7.78,0.41412458
-7.79,0.41409546
-7.8,0.41406634
-7.81,0.41403717
-7.82,0.41400796
-7.83,0.41397882
-7.84,0.41394964
-7.85,0.41392043
-7.86,0.4138912
-7.87,0.413862
-7.88,0.41383272
-7.89,0.41380346
-7.9,0.4137742
-7.91,0.4137449
-7.92,0.4137156
-7.93,0.4136863
-7.94,0.41365695
-7.95,0.41362762
-7.96,0.4135983
-7.97,0.4135689
-7.9799999999999995,0.41353953
-7.99,0.41351014
-8.0,0.41348076
-8.01,0.41345137
-8.02,0.41342193
-8.03,0.41339248
-8.04,0.413363
-8.05,0.4133336
-8.06,0.4133041
-8.07,0.41327462
-8.08,0.41324508
-8.09,0.4132156
-8.1,0.41318607
-8.11,0.41315654
-8.12,0.413127
-8.13,0.41309744
-8.14,0.41306788
-8.15,0.41303828
-8.16,0.4130087
-8.17,0.41297907
-8.18,0.41294944
-8.19,0.41291982
-8.2,0.4128902
-8.209999999999999,0.4128605
-8.22,0.41283083
-8.23,0.41280115
-8.24,0.41277146
-8.25,0.41274178
-8.26,0.41271204
-8.27,0.41268235
-8.28,0.41265258
-8.29,0.4126228
-8.3,0.41259307
-8.31,0.4125633
-8.32,0.4125335
-8.33,0.41250372
-8.34,0.4124739
-8.35,0.41244408
-8.36,0.41241425
-8.37,0.4123844
-8.38,0.41235453
-8.39,0.41232467
-8.4,0.4122948
-8.41,0.41226494
-8.42,0.41223502
-8.43,0.4122051
-8.44,0.41217518
-8.45,0.41214526
-8.459999999999999,0.41211528
-8.47,0.4120853
-8.48,0.41205537
-8.49,0.4120254
-8.5,0.4119954
-8.51,0.4119654
-8.52,0.4119354
-8.53,0.41190535
-8.54,0.41187534
-8.55,0.41184527
-8.56,0.41181523
-8.57,0.4117852
-8.58,0.41175508
-8.59,0.41172498
-8.6,0.4116949
-8.61,0.41166478
-8.62,0.41163468
-8.63,0.41160452
-8.64,0.41157436
-8.65,0.41154426
-8.66,0.41151407
-8.67,0.41148388
-8.68,0.41145372
-8.69,0.4114235
-8.7,0.41139328
-8.71,0.41136312
-8.72,0.4113329
-8.73,0.41130263
-8.74,0.41127238
-8.75,0.41124213
-8.76,0.41121188
-8.77,0.41118157
-8.78,0.4111513
-8.79,0.411121
-8.8,0.41109067
-8.81,0.4110604
-8.82,0.41103005
-8.83,0.41099972
-8.84,0.41096938
-8.85,0.41093904
-8.86,0.4109086
-8.87,0.41087824
-8.88,0.41084784
-8.89,0.41081747
-8.9,0.41078705
-8.91,0.41075665
-8.92,0.41072622
-8.93,0.4106958
-8.94,0.41066533
-8.95,0.41063488
-8.96,0.41060442
-8.97,0.41057393
-8.98,0.41054344
-8.99,0.41051292
-9.0,0.4104824
-9.01,0.41045192
-9.02,0.4104214
-9.03,0.41039085
-9.04,0.41036034
-9.05,0.41032976
-9.06,0.41029918
-9.07,0.41026866
-9.08,0.4102381
-9.09,0.4102075
-9.1,0.41017687
-9.11,0.41014627
-9.12,0.41011566
-9.13,0.41008505
-9.14,0.4100544
-9.15,0.41002375
-9.16,0.40999308
-9.17,0.40996242
-9.18,0.40993175
-9.19,0.40990108
-9.2,0.40987036
-9.21,0.40983966
-9.22,0.40980896
-9.23,0.40977824
-9.24,0.40974754
-9.25,0.40971678
-9.26,0.40968603
-9.27,0.4096553
-9.28,0.40962452
-9.29,0.40959376
-9.3,0.409563
-9.31,0.40953222
-9.32,0.40950143
-9.33,0.40947062
-9.34,0.4094398
-9.35,0.409409
-9.36,0.40937814
-9.37,0.4093473
-9.38,0.40931648
-9.39,0.4092856
-9.4,0.4092548
-9.41,0.40922385
-9.42,0.409193
-9.43,0.4091621
-9.44,0.40913123
-9.45,0.4091003
-9.46,0.40906942
-9.47,0.40903848
-9.48,0.40900758
-9.49,0.4089766
-9.5,0.40894568
-9.51,0.40891474
-9.52,0.40888378
-9.53,0.40885282
-9.54,0.40882182
-9.55,0.40879083
-9.56,0.40875983
-9.57,0.40872884
-9.58,0.40869784
-9.59,0.40866682
-9.6,0.40863577
-9.61,0.40860477
-9.62,0.40857375
-9.63,0.40854263
-9.64,0.40851158
-9.65,0.40848058
-9.66,0.40844947
-9.67,0.40841842
-9.68,0.40838733
-9.69,0.40835625
-9.7,0.40832514
-9.71,0.40829402
-9.72,0.4082629
-9.73,0.40823177
-9.74,0.40820065
-9.75,0.4081695
-9.76,0.40813833
-9.77,0.4081072
-9.78,0.40807605
-9.79,0.40804484
-9.8,0.4080137
-9.81,0.40798253
-9.82,0.40795135
-9.83,0.40792012
-9.84,0.40788895
-9.85,0.40785775
-9.86,0.4078265
-9.87,0.4077953
-9.88,0.40776408
-9.89,0.40773278
-9.9,0.40770158
-9.91,0.40767032
-9.92,0.40763906
-9.93,0.4076078
-9.94,0.40757656
-9.95,0.40754527
-9.96,0.40751398
-9.97,0.40748268
-9.98,0.40745136
-9.99,0.40742004
-10.0,0.40738875
-10.01,0.4073574
-10.02,0.4073261
-10.03,0.40729478
-10.04,0.40726343
-10.05,0.4072321
-10.06,0.4072007
-10.07,0.40716934
-10.08,0.40713802
-10.09,0.40710664
-10.1,0.40707523
-10.11,0.40704387
-10.12,0.40701252
-10.13,0.40698105
-10.14,0.4069497
-10.15,0.40691823
-10.16,0.40688682
-10.17,0.4068554
-10.18,0.406824
-10.19,0.40679258
-10.2,0.4067611
-10.21,0.40672967
-10.22,0.40669823
-10.23,0.40666676
-10.24,0.40663528
-10.25,0.4066038
-10.26,0.40657234
-10.27,0.40654087
-10.28,0.40650934
-10.29,0.40647787
-10.3,0.4064464
-10.31,0.40641487
-10.32,0.40638334
-10.33,0.4063518
-10.34,0.40632033
-10.35,0.40628877
-10.36,0.40625724
-10.37,0.4062257
-10.38,0.40619415
-10.39,0.40616256
-10.4,0.406131
-10.41,0.40609944
-10.42,0.40606785
-10.43,0.40603632
-10.44,0.40600473
-10.45,0.4059731
-10.46,0.40594155
-10.47,0.40590993
-10.48,0.40587837
-10.49,0.40584671
-10.5,0.40581512
-10.51,0.40578347
-10.52,0.40575188
-10.53,0.40572023
-10.54,0.40568858
-10.55,0.40565693
-10.56,0.4056253
-10.57,0.40559363
-10.58,0.40556198
-10.59,0.40553033
-10.6,0.40549865
-10.61,0.405467
-10.62,0.4054353
-10.63,0.4054036
-10.64,0.40537193
-10.65,0.40534025
-10.66,0.40530854
-10.67,0.40527683
-10.68,0.40524513
-10.69,0.40521342
-10.7,0.40518168
-10.71,0.40515
-10.72,0.40511826
-10.73,0.40508652
-10.74,0.40505478
-10.75,0.40502304
-10.76,0.40499127
-10.77,0.40495953
-10.78,0.40492776
-10.79,0.404896
-10.8,0.40486425
-10.81,0.40483242
-10.82,0.4048007
-10.83,0.40476888
-10.84,0.4047371
-10.85,0.40470532
-10.86,0.40467352
-10.87,0.40464175
-10.88,0.40460992
-10.89,0.40457812
-10.9,0.40454632
-10.91,0.4045145
-10.92,0.40448266
-10.93,0.40445083
-10.94,0.404419
-10.95,0.40438718
-10.96,0.4043553
-10.97,0.40432346
-10.98,0.40429163
-10.99,0.40425977
-11.0,0.4042279
-11.01,0.40419605
-11.02,0.4041642
-11.03,0.4041323
-11.04,0.40410045
-11.05,0.40406856
-11.06,0.40403667
-11.07,0.40400478
-11.08,0.4039729
-11.09,0.403941
-11.1,0.40390912
-11.11,0.4038772
-11.12,0.4038453
-11.13,0.40381336
-11.14,0.40378147
-11.15,0.40374953
-11.16,0.4037176
-11.17,0.4036857
-11.18,0.4036538
-11.19,0.40362182
-11.2,0.4035899
-11.21,0.40355796
-11.22,0.403526
-11.23,0.40349406
-11.24,0.4034621
-11.25,0.40343016
-11.26,0.4033982
-11.27,0.40336624
-11.28,0.40333426
-11.29,0.40330228
-11.3,0.4032703
-11.31,0.40323836
-11.32,0.40320635
-11.33,0.40317434
-11.34,0.4031424
-11.35,0.40311038
-11.36,0.4030784
-11.37,0.40304637
-11.38,0.40301436
-11.39,0.40298238
-11.4,0.40295038
-11.41,0.40291834
-11.42,0.40288636
-11.43,0.40285432
-11.44,0.40282226
-11.45,0.40279022
-11.46,0.40275824
-11.47,0.40272617
-11.48,0.40269417
-11.49,0.4026621
-11.5,0.40263003
-11.51,0.40259802
-11.52,0.40256596
-11.53,0.4025339
-11.54,0.40250182
-11.55,0.40246978
-11.56,0.4024377
-11.57,0.40240568
-11.58,0.4023736
-11.59,0.40234149
-11.6,0.40230942
-11.61,0.40227735
-11.62,0.40224528
-11.63,0.40221322
-11.64,0.4021811
-11.65,0.40214902
-11.66,0.40211692
-11.67,0.40208486
-11.68,0.40205273
-11.69,0.40202063
-11.7,0.40198854
-11.71,0.40195644
-11.72,0.4019243
-11.73,0.4018922
-11.74,0.40186006
-11.75,0.40182796
-11.76,0.40179583
-11.77,0.40176374
-11.78,0.4017316
-11.79,0.40169948
-11.8,0.4016673
-11.81,0.40163517
-11.82,0.40160304
-11.83,0.4015709
-11.84,0.40153876
-11.85,0.4015066
-11.86,0.40147448
-11.87,0.40144232
-11.88,0.40141016
-11.89,0.40137798
-11.9,0.40134585
-11.91,0.4013137
-11.92,0.40128154
-11.93,0.40124935
-11.94,0.4012172
-11.95,0.40118504
-11.96,0.40115285
-11.97,0.40112066
-11.98,0.4010885
-11.99,0.40105632
-12.0,0.40102413
-12.01,0.40099195
-12.02,0.40095973
-12.03,0.40092757
-12.040000000000001,0.40089536
-12.05,0.4008632
-12.06,0.40083098
-12.07,0.40079877
-12.08,0.40076658
-12.09,0.40073436
-12.1,0.4007022
-12.11,0.40066996
-12.12,0.40063775
-12.13,0.40060556
-12.14,0.40057337
-12.15,0.40054113
-12.16,0.40050894
-12.17,0.40047672
-12.18,0.40044445
-12.19,0.40041226
-12.2,0.40038005
-12.21,0.4003478
-12.22,0.40031558
-12.23,0.40028337
-12.24,0.40025112
-12.25,0.40021884
-12.26,0.40018666
-12.27,0.4001544
-12.28,0.40012217
-12.290000000000001,0.40008992
-12.3,0.40005767
-12.31,0.40002543
-12.32,0.39999318
-12.33,0.39996094
-12.34,0.39992866
-12.35,0.3998964
-12.36,0.39986414
-12.37,0.3998319
-12.38,0.39979964
-12.39,0.3997674
-12.4,0.39973515
-12.41,0.39970285
-12.42,0.3996706
-12.43,0.39963832
-12.44,0.39960605
-12.45,0.3995738
-12.46,0.39954153
-12.47,0.39950925
-12.48,0.39947698
-12.49,0.3994447
-12.5,0.39941242
-12.51,0.39938015
-12.52,0.39934784
-12.53,0.3993156
-12.540000000000001,0.39928332
-12.55,0.39925104
-12.56,0.39921874
-12.57,0.39918643
-12.58,0.39915413
-12.59,0.39912188
-12.6,0.39908957
-12.61,0.39905727
-12.62,0.39902502
-12.63,0.39899272
-12.64,0.3989604
-12.65,0.3989281
-12.66,0.3988958
-12.67,0.3988635
-12.68,0.3988312
-12.69,0.39879888
-12.7,0.39876658
-12.71,0.39873427
-12.72,0.39870194
-12.73,0.39866966
-12.74,0.39863738
-12.75,0.39860505
-12.76,0.39857274
-12.77,0.39854044
-12.78,0.39850813
-12.790000000000001,0.39847583
-12.8,0.3984435
-12.81,0.39841115
-12.82,0.39837885
-12.83,0.39834657
-12.84,0.39831424
-12.85,0.39828187
-12.86,0.39824957
-12.87,0.39821726
-12.88,0.39818496
-12.89,0.39815262
-12.9,0.39812034
-12.91,0.39808798
-12.92,0.39805567
-12.93,0.39802334
-12.94,0.397991
-12.95,0.39795864
-12.96,0.39792633
-12.97,0.39789397
-12.98,0.39786166
-12.99,0.39782932
-13.0,0.397797
-13.01,0.39776465
-13.02,0.39773232
-13.03,0.3977
-13.040000000000001,0.39766765
-13.05,0.39763534
-13.06,0.39760298
-13.07,0.39757064
-13.08,0.3975383
-13.09,0.39750597
-13.1,0.39747366
-13.11,0.39744127
-13.12,0.39740893
-13.13,0.3973766
-13.14,0.39734426
-13.15,0.39731193
-13.16,0.39727953
-13.17,0.3972472
-13.18,0.3972149
-13.19,0.39718252
-13.2,0.39715022
-13.21,0.39711785
-13.22,0.3970855
-13.23,0.39705312
-13.24,0.39702076
-13.25,0.39698842
-13.26,0.3969561
-13.27,0.39692375
-13.28,0.39689142
-13.290000000000001,0.39685902
-13.3,0.39682668
-13.31,0.39679432
-13.32,0.396762
-13.33,0.39672965
-13.34,0.39669728
-13.35,0.39666492
-13.36,0.39663255
-13.37,0.39660022
-13.38,0.39656788
-13.39,0.39653552
-13.4,0.39650315
-13.41,0.39647081
-13.42,0.39643845
-13.43,0.3964061
-13.44,0.39637375
-13.45,0.3963414
-13.46,0.39630902
-13.47,0.39627668
-13.48,0.39624435
-13.49,0.39621198
-13.5,0.39617962
-13.51,0.39614728
-13.52,0.3961149
-13.53,0.39608255
-13.540000000000001,0.3960502
-13.55,0.39601785
-13.56,0.39598548
-13.57,0.39595312
-13.58,0.39592075
-13.59,0.3958884
-13.6,0.39585602
-13.61,0.3958237
-13.62,0.39579135
-13.63,0.395759
-13.64,0.39572662
-13.65,0.39569426
-13.66,0.3956619
-13.67,0.3956295
-13.68,0.39559716
-13.69,0.39556482
-13.7,0.3955325
-13.71,0.39550012
-13.72,0.39546776
-13.73,0.3954354
-13.74,0.39540303
-13.75,0.3953707
-13.76,0.39533836
-13.77,0.395306
-13.78,0.39527363
-13.790000000000001,0.39524126
-13.8,0.39520893
-13.81,0.39517653
-13.82,0.39514422
-13.83,0.39511186
-13.84,0.3950795
-13.85,0.39504713
-13.86,0.39501476
-13.87,0.39498243
-13.88,0.3949501
-13.89,0.39491773
-13.9,0.39488542
-13.91,0.394853
-13.92,0.3948207
-13.93,0.39478832
-13.94,0.39475596
-13.95,0.39472362
-13.96,0.3946913
-13.97,0.39465892
-13.98,0.3946266
-13.99,0.39459422
-14.0,0.39456186
-14.01,0.3945295
-14.02,0.39449716
-14.03,0.39446482
-14.040000000000001,0.39443246
-14.05,0.39440012
-14.06,0.39436775
-14.07,0.3943354
-14.08,0.39430308
-14.09,0.39427075
-14.1,0.3942384
-14.11,0.39420605
-14.12,0.3941737
-14.13,0.39414135
-14.14,0.394109
-14.15,0.39407668
-14.16,0.39404434
-14.17,0.39401197
-14.18,0.39397964
-14.19,0.3939473
-14.2,0.39391494
-14.21,0.39388263
-14.22,0.39385033
-14.23,0.39381796
-14.24,0.3937856
-14.25,0.3937533
-14.26,0.39372092
-14.27,0.39368862
-14.28,0.39365625
-14.290000000000001,0.39362395
-14.3,0.39359158
-14.31,0.39355928
-14.32,0.39352694
-14.33,0.3934946
-14.34,0.3934623
-14.35,0.39342993
-14.36,0.39339763
-14.37,0.39336526
-14.38,0.39333296
-14.39,0.39330065
-14.4,0.3932683
-14.41,0.39323598
-14.42,0.39320362
-14.43,0.3931713
-14.44,0.393139
-14.45,0.3931067
-14.46,0.39307436
-14.47,0.39304206
-14.48,0.39300972
-14.49,0.3929774
-14.5,0.3929451
-14.51,0.3929128
-14.52,0.3928805
-14.53,0.39284813
-14.540000000000001,0.39281583
-14.55,0.39278352
-14.56,0.39275122
-14.57,0.3927189
-14.58,0.3926866
-14.59,0.3926543
-14.6,0.39262196
-14.61,0.3925897
-14.62,0.39255738
-14.63,0.39252508
-14.64,0.39249277
-14.65,0.39246047
-14.66,0.39242816
-14.67,0.39239585
-14.68,0.39236355
-14.69,0.39233127
-14.7,0.392299
-14.71,0.39226663
-14.72,0.39223433
-14.73,0.39220205
-14.74,0.39216974
-14.75,0.39213747
-14.76,0.3921052
-14.77,0.39207292
-14.78,0.3920406
-14.790000000000001,0.3920083
-14.8,0.39197603
-14.81,0.39194375
-14.82,0.39191145
-14.83,0.39187917
-14.84,0.39184687
-14.85,0.3918146
-14.86,0.3917823
-14.87,0.39175007
-14.88,0.39171776
-14.89,0.3916855
-14.9,0.3916532
-14.91,0.39162093
-14.92,0.3915887
-14.93,0.3915564
-14.94,0.39152414
-14.95,0.39149183
-14.96,0.39145958
-14.97,0.3914273
-14.98,0.39139506
-14.99,0.39136282
-15.0,0.39133054
-15.01,0.3912983
-15.02,0.391266
-15.03,0.39123374
-15.040000000000001,0.39120153
-15.05,0.39116925
-15.06,0.39113697
-15.07,0.39110476
-15.08,0.3910725
-15.09,0.39104027
-15.1,0.391008
-15.11,0.3909757
-15.12,0.3909435
-15.13,0.39091125
-15.14,0.390879
-15.15,0.3908468
-15.16,0.3908145
-15.17,0.3907823
-15.18,0.39075005
-15.19,0.3907178
-15.2,0.39068556
-15.21,0.39065337
-15.22,0.39062113
-15.23,0.39058888
-15.24,0.39055666
-15.25,0.39052442
-15.26,0.39049217
-15.27,0.39045995
-15.28,0.39042774
-15.290000000000001,0.39039552
-15.3,0.39036328
-15.31,0.3903311
-15.32,0.39029884
-15.33,0.39026666
-15.34,0.3902344
-15.35,0.39020222
-15.36,0.39016998
-15.37,0.3901378
-15.38,0.3901056
-15.39,0.39007342
-15.4,0.39004117
-15.41,0.390009
-15.42,0.3899768
-15.43,0.38994458
-15.44,0.38991237
-15.45,0.38988015
-15.46,0.38984796
-15.47,0.3898158
-15.48,0.38978362
-15.49,0.3897514
-15.5,0.38971922
-15.51,0.38968703
-15.52,0.38965484
-15.53,0.3896227
-15.540000000000001,0.38959044
-15.55,0.38955826
-15.56,0.38952613
-15.57,0.38949394
-15.58,0.38946176
-15.59,0.3894296
-15.6,0.3893974
-15.61,0.38936526
-15.620000000000001,0.38933307
-15.63,0.38930094
-15.64,0.38926876
-15.65,0.38923663
-15.66,0.38920444
-15.67,0.38917232
-15.68,0.38914013
-15.69,0.38910797
-15.7,0.38907582
-15.71,0.38904366
-15.72,0.3890115
-15.73,0.38897935
-15.74,0.3889472
-15.75,0.38891506
-15.76,0.38888294
-15.77,0.38885078
-15.78,0.38881862
-15.790000000000001,0.3887865
-15.8,0.38875437
-15.81,0.38872224
-15.82,0.3886901
-15.83,0.388658
-15.84,0.38862586
-15.85,0.38859373
-15.86,0.38856164
-15.870000000000001,0.38852954
-15.88,0.38849735
-15.89,0.38846523
-15.9,0.38843316
-15.91,0.38840103
-15.92,0.3883689
-15.93,0.3883368
-15.94,0.3883047
-15.95,0.38827258
-15.96,0.38824046
-15.97,0.3882084
-15.98,0.38817626
-15.99,0.38814414
-16.0,0.38811207
-16.01,0.38808
-16.020000000000003,0.38804787
-16.03,0.3880158
-16.040000000000003,0.38798368
-16.05,0.3879516
-16.060000000000002,0.38791955
-16.07,0.38788748
-16.080000000000002,0.38785538
-16.090000000000003,0.38782328
-16.1,0.38779122
-16.110000000000003,0.38775912
-16.12,0.38772708
-16.130000000000003,0.387695
-16.14,0.38766295
-16.150000000000002,0.38763082
-16.16,0.3875988
-16.17,0.38756672
-16.180000000000003,0.38753468
-16.19,0.3875026
-16.200000000000003,0.38747054
-16.21,0.38743854
-16.220000000000002,0.38740647
-16.23,0.3873744
-16.240000000000002,0.38734236
-16.250000000000004,0.38731033
-16.26,0.3872783
-16.270000000000003,0.38724625
-16.28,0.38721418
-16.290000000000003,0.38718215
-16.3,0.38715014
-16.310000000000002,0.3871181
-16.32,0.3870861
-16.330000000000002,0.38705406
-16.340000000000003,0.38702202
-16.35,0.38698998
-16.360000000000003,0.386958
-16.37,0.386926
-16.380000000000003,0.38689393
-16.39,0.38686192
-16.400000000000002,0.3868299
-16.41,0.3867979
-16.42,0.3867659
-16.430000000000003,0.3867339
-16.44,0.38670188
-16.450000000000003,0.38666987
-16.46,0.38663787
-16.470000000000002,0.38660592
-16.48,0.3865739
-16.490000000000002,0.3865419
-16.500000000000004,0.3865099
-16.51,0.38647795
-16.520000000000003,0.38644597
-16.53,0.38641393
-16.540000000000003,0.38638198
-16.55,0.38634998
-16.560000000000002,0.38631803
-16.57,0.38628608
-16.580000000000002,0.38625413
-16.590000000000003,0.38622212
-16.6,0.38619015
-16.610000000000003,0.38615817
-16.62,0.38612622
-16.630000000000003,0.38609427
-16.64,0.38606226
-16.650000000000002,0.38603032
-16.66,0.38599837
-16.67,0.38596642
-16.680000000000003,0.38593447
-16.69,0.38590252
-16.700000000000003,0.3858706
-16.71,0.3858387
-16.720000000000002,0.38580674
-16.73,0.3857748
-16.740000000000002,0.38574284
-16.750000000000004,0.3857109
-16.76,0.38567904
-16.770000000000003,0.38564706
-16.78,0.38561517
-16.790000000000003,0.38558322
-16.8,0.38555133
-16.810000000000002,0.3855194
-16.82,0.3854875
-16.830000000000002,0.38545555
-16.840000000000003,0.38542366
-16.85,0.38539177
-16.860000000000003,0.38535985
-16.87,0.38532797
-16.880000000000003,0.38529608
-16.89,0.38526416
-16.900000000000002,0.38523227
-16.91,0.38520038
-16.92,0.3851685
-16.930000000000003,0.3851366
-16.94,0.38510472
-16.950000000000003,0.38507283
-16.96,0.38504094
-16.970000000000002,0.38500908
-16.98,0.3849772
-16.990000000000002,0.38494533
-17.000000000000004,0.38491344
-17.01,0.38488156
-17.020000000000003,0.38484973
-17.03,0.38481787
-17.040000000000003,0.384786
-17.05,0.38475418
-17.060000000000002,0.3847223
-17.07,0.38469043
-17.080000000000002,0.3846586
-17.090000000000003,0.38462675
-17.1,0.38459492
-17.110000000000003,0.38456303
-17.12,0.38453123
-17.130000000000003,0.38449943
-17.14,0.38446757
-17.150000000000002,0.3844357
-17.160000000000004,0.38440388
-17.17,0.38437206
-17.180000000000003,0.38434026
-17.19,0.38430843
-17.200000000000003,0.38427663
-17.21,0.3842448
-17.220000000000002,0.384213
-17.23,0.38418117
-17.240000000000002,0.38414937
-17.250000000000004,0.38411754
-17.26,0.38408577
-17.270000000000003,0.384054
-17.28,0.38402215
-17.290000000000003,0.38399038
-17.3,0.38395858
-17.310000000000002,0.38392678
-17.32,0.38389504
-17.330000000000002,0.38386324
-17.340000000000003,0.38383147
-17.35,0.38379967
-17.360000000000003,0.3837679
-17.37,0.3837361
-17.380000000000003,0.38370436
-17.39,0.3836726
-17.400000000000002,0.38364083
-17.410000000000004,0.38360906
-17.42,0.38357732
-17.430000000000003,0.38354555
-17.44,0.3835138
-17.450000000000003,0.38348204
-17.46,0.38345027
-17.470000000000002,0.38341856
-17.48,0.3833868
-17.490000000000002,0.38335502
-17.500000000000004,0.3833233
-17.51,0.3832916
-17.520000000000003,0.38325986
-17.53,0.38322815
-17.540000000000003,0.3831964
-17.55,0.3831647
-17.560000000000002,0.383133
-17.57,0.38310125
-17.580000000000002,0.38306952
-17.590000000000003,0.38303784
-17.6,0.38300616
-17.610000000000003,0.38297442
-17.62,0.3829427
-17.630000000000003,0.38291103
-17.64,0.38287932
-17.650000000000002,0.3828476
-17.660000000000004,0.38281593
-17.67,0.38278425
-17.680000000000003,0.38275254
-17.69,0.3827209
-17.700000000000003,0.38268915
-17.71,0.38265753
-17.720000000000002,0.38262585
-17.73,0.38259417
-17.740000000000002,0.3825625
-17.750000000000004,0.3825308
-17.76,0.38249916
-17.770000000000003,0.3824675
-17.78,0.38243583
-17.790000000000003,0.3824042
-17.8,0.38237256
-17.810000000000002,0.3823409
-17.82,0.38230926
-17.830000000000002,0.3822776
-17.840000000000003,0.38224596
-17.85,0.38221434
-17.860000000000003,0.3821827
-17.87,0.38215107
-17.880000000000003,0.38211945
-17.89,0.38208783
-17.900000000000002,0.38205615
-17.910000000000004,0.3820246
-17.92,0.38199294
-17.930000000000003,0.38196135
-17.94,0.38192973
-17.950000000000003,0.3818981
-17.96,0.3818665
-17.970000000000002,0.38183492
-17.98,0.3818033
-17.990000000000002,0.3817717
-18.000000000000004,0.3817401
-18.01,0.38170853
-18.020000000000003,0.3816769
-18.03,0.38164532
-18.040000000000003,0.3816138
-18.05,0.38158217
-18.060000000000002,0.3815506
-18.07,0.38151902
-18.080000000000002,0.38148743
-18.090000000000003,0.3814559
-18.1,0.38142437
-18.110000000000003,0.3813928
-18.12,0.38136125
-18.130000000000003,0.38132966
-18.14,0.38129812
-18.150000000000002,0.38126656
-18.160000000000004,0.38123503
-18.17,0.3812035
-18.180000000000003,0.38117194
-18.19,0.38114038
-18.200000000000003,0.38110888
-18.21,0.38107735
-18.220000000000002,0.38104582
-18.23,0.3810143
-18.240000000000002,0.38098276
-18.250000000000004,0.38095123
-18.26,0.38091972
-18.270000000000003,0.38088822
-18.28,0.3808567
-18.290000000000003,0.38082522
-18.3,0.3807937
-18.310000000000002,0.38076222
-18.32,0.3807307
-18.330000000000002,0.38069922
-18.340000000000003,0.38066775
-18.35,0.38063622
-18.360000000000003,0.38060477
-18.37,0.38057327
-18.380000000000003,0.3805418
-18.39,0.38051036
-18.400000000000002,0.38047886
-18.410000000000004,0.3804474
-18.42,0.38041592
-18.430000000000003,0.38038445
-18.44,0.38035303
-18.450000000000003,0.38032153
-18.46,0.3802901
-18.470000000000002,0.38025865
-18.48,0.3802272
-18.490000000000002,0.38019574
-18.500000000000004,0.38016433
-18.51,0.3801329
-18.520000000000003,0.38010138
-18.53,0.38007
-18.540000000000003,0.38003856
-18.55,0.38000715
-18.560000000000002,0.37997574
-18.57,0.37994432
-18.580000000000002,0.3799129
-18.590000000000003,0.37988147
-18.6,0.3798501
-18.610000000000003,0.37981868
-18.62,0.37978727
-18.630000000000003,0.37975585
-18.64,0.3797245
-18.650000000000002,0.3796931
-18.660000000000004,0.37966174
-18.67,0.37963033
-18.680000000000003,0.37959892
-18.69,0.37956756
-18.700000000000003,0.3795362
-18.71,0.3795048
-18.720000000000002,0.37947345
-18.73,0.37944204
-18.740000000000002,0.37941074
-18.750000000000004,0.37937933
-18.76,0.379348
-18.770000000000003,0.37931663
-18.78,0.3792853
-18.790000000000003,0.37925392
-18.8,0.3792226
-18.810000000000002,0.37919128
-18.82,0.37915993
-18.830000000000002,0.37912858
-18.840000000000003,0.37909725
-18.85,0.37906593
-18.860000000000003,0.37903458
-18.87,0.37900326
-18.880000000000003,0.378972
-18.89,0.37894064
-18.900000000000002,0.37890935
-18.910000000000004,0.37887803
-18.92,0.3788467
-18.930000000000003,0.3788154
-18.94,0.37878412
-18.950000000000003,0.37875283
-18.96,0.37872154
-18.970000000000002,0.37869024
-18.98,0.37865895
-18.990000000000002,0.37862772
-19.000000000000004,0.3785964
-19.01,0.37856513
-19.020000000000003,0.37853384
-19.03,0.37850258
-19.040000000000003,0.37847134
-19.05,0.37844005
-19.060000000000002,0.3784088
-19.07,0.37837756
-19.080000000000002,0.37834632
-19.090000000000003,0.37831503
-19.1,0.3782838
-19.110000000000003,0.37825254
-19.12,0.37822133
-19.130000000000003,0.3781901
-19.14,0.37815887
-19.150000000000002,0.37812763
-19.160000000000004,0.3780964
-19.17,0.37806523
-19.180000000000003,0.37803397
-19.19,0.37800276
-19.200000000000003,0.37797153
-19.21,0.37794036
-19.220000000000002,0.37790912
-19.23,0.37787795
-19.240000000000002,0.37784672
-19.250000000000004,0.37781554
-19.26,0.37778437
-19.270000000000003,0.37775314
-19.28,0.37772197
-19.290000000000003,0.37769076
-19.3,0.37765962
-19.310000000000002,0.37762845
-19.32,0.37759727
-19.330000000000002,0.3775661
-19.340000000000003,0.37753496
-19.35,0.3775038
-19.360000000000003,0.37747264
-19.37,0.3774415
-19.380000000000003,0.3774103
-19.39,0.37737918
-19.400000000000002,0.37734804
-19.410000000000004,0.3773169
-19.42,0.37728578
-19.430000000000003,0.37725464
-19.44,0.3772235
-19.450000000000003,0.37719238
-19.46,0.37716126
-19.470000000000002,0.37713012
-19.48,0.377099
-19.490000000000002,0.37706792
-19.500000000000004,0.3770368
-19.51,0.3770057
-19.520000000000003,0.37697458
-19.53,0.37694347
-19.540000000000003,0.3769124
-19.55,0.3768813
-19.560000000000002,0.37685022
-19.57,0.37681913
-19.580000000000002,0.37678805
-19.590000000000003,0.37675697
-19.6,0.3767259
-19.610000000000003,0.37669483
-19.62,0.37666377
-19.630000000000003,0.3766327
-19.64,0.37660164
-19.650000000000002,0.37657064
-19.660000000000004,0.37653956
-19.67,0.3765085
-19.680000000000003,0.37647742
-19.69,0.37644637
-19.700000000000003,0.37641537
-19.71,0.37638438
-19.720000000000002,0.37635332
-19.73,0.37632227
-19.740000000000002,0.37629122
-19.750000000000004,0.37626022
-19.76,0.37622923
-19.770000000000003,0.3761982
-19.78,0.37616718
-19.790000000000003,0.37613618
-19.8,0.3761052
-19.810000000000002,0.3760742
-19.82,0.37604317
-19.830000000000002,0.37601218
-19.840000000000003,0.37598118
-19.85,0.37595022
-19.860000000000003,0.37591922
-19.87,0.37588823
-19.880000000000003,0.3758573
-19.89,0.3758263
-19.900000000000002,0.37579533
-19.910000000000004,0.3757644
-19.92,0.3757334
-19.930000000000003,0.37570247
-19.94,0.3756715
-19.950000000000003,0.3756405
-19.96,0.3756096
-19.970000000000002,0.37557867
-19.98,0.3755477
-19.990000000000002,0.37551677
-20.000000000000004,0.37548584
-20.01,0.3754549
-20.020000000000003,0.37542397
-20.03,0.37539306
-20.040000000000003,0.37536216
-20.05,0.37533122
-20.060000000000002,0.37530038
-20.07,0.37526944
-20.080000000000002,0.37523854
-20.090000000000003,0.37520763
-20.1,0.37517673
-20.110000000000003,0.37514585
-20.12,0.37511495
-20.130000000000003,0.37508404
-20.14,0.37505323
-20.150000000000002,0.3750223
-20.160000000000004,0.37499145
-20.17,0.37496057
-20.180000000000003,0.37492973
-20.19,0.37489885
-20.200000000000003,0.37486798
-20.21,0.37483713
-20.220000000000002,0.37480626
-20.23,0.3747754
-20.240000000000002,0.37474456
-20.250000000000004,0.37471372
-20.26,0.3746829
-20.270000000000003,0.3746521
-20.28,0.37462127
-20.290000000000003,0.37459043
-20.3,0.37455958
-20.310000000000002,0.3745288
-20.32,0.37449795
-20.330000000000002,0.37446713
-20.340000000000003,0.37443635
-20.35,0.37440556
-20.360000000000003,0.37437475
-20.37,0.37434396
-20.380000000000003,0.37431318
-20.39,0.3742824
-20.400000000000002,0.3742516
-20.410000000000004,0.3742208
-20.42,0.37419003
-20.430000000000003,0.37415922
-20.44,0.37412846
-20.450000000000003,0.3740977
-20.46,0.37406695
-20.470000000000002,0.3740362
-20.48,0.37400544
-20.490000000000002,0.37397468
-20.500000000000004,0.37394392
-20.51,0.3739132
-20.520000000000003,0.3738824
-20.53,0.37385175
-20.540000000000003,0.37382096
-20.55,0.37379026
-20.560000000000002,0.3737595
-20.57,0.3737288
-20.580000000000002,0.3736981
-20.590000000000003,0.3736674
-20.6,0.3736367
-20.610000000000003,0.37360597
-20.62,0.37357527
-20.630000000000003,0.37354457
-20.64,0.37351388
-20.650000000000002,0.37348318
-20.660000000000004,0.37345248
-20.67,0.3734218
-20.680000000000003,0.37339112
-20.69,0.37336046
-20.700000000000003,0.37332982
-20.71,0.37329912
-20.720000000000002,0.37326843
-20.73,0.3732378
-20.740000000000002,0.37320715
-20.750000000000004,0.37317646
-20.76,0.37314582
-20.770000000000003,0.37311518
-20.78,0.37308457
-20.790000000000003,0.3730539
-20.8,0.37302324
-20.810000000000002,0.37299263
-20.82,0.372962
-20.830000000000002,0.37293136
-20.840000000000003,0.37290078
-20.85,0.37287015
-20.860000000000003,0.3728395
-20.87,0.37280896
-20.880000000000003,0.37277833
-20.89,0.3727477
-20.900000000000002,0.37271708
-20.910000000000004,0.37268654
-20.92,0.37265596
-20.930000000000003,0.37262532
-20.94,0.37259474
-20.950000000000003,0.3725642
-20.96,0.37253362
-20.970000000000002,0.37250304
-20.98,0.3724725
-20.990000000000002,0.37244195
-21.000000000000004,0.37241137
-21.01,0.3723808
-21.020000000000003,0.37235025
-21.03,0.3723197
-21.040000000000003,0.37228915
-21.05,0.37225863
-21.060000000000002,0.3722281
-21.07,0.37219757
-21.080000000000002,0.37216705
-21.090000000000003,0.37213653
-21.1,0.37210602
-21.110000000000003,0.3720755
-21.12,0.37204498
-21.130000000000003,0.37201446
-21.14,0.37198395
-21.150000000000002,0.37195343
-21.160000000000004,0.37192294
-21.17,0.37189245
-21.180000000000003,0.371862
-21.19,0.3718315
-21.200000000000003,0.37180102
-21.21,0.3717705
-21.220000000000002,0.37174004
-21.23,0.3717096
-21.240000000000002,0.37167913
-21.250000000000004,0.37164867
-21.26,0.3716182
-21.270000000000003,0.37158778
-21.28,0.37155733
-21.290000000000003,0.37152687
-21.3,0.37149638
-21.310000000000002,0.37146598
-21.32,0.37143555
-21.330000000000002,0.37140512
-21.340000000000003,0.3713747
-21.35,0.37134427
-21.360000000000003,0.37131387
-21.37,0.3712834
-21.380000000000003,0.37125304
-21.39,0.37122262
-21.400000000000002,0.37119222
-21.410000000000004,0.37116182
-21.42,0.37113148
-21.430000000000003,0.37110105
-21.44,0.37107065
-21.450000000000003,0.37104028
-21.46,0.37100992
-21.470000000000002,0.37097955
-21.48,0.37094915
-21.490000000000002,0.37091878
-21.500000000000004,0.3708884
-21.51,0.37085807
-21.520000000000003,0.3708277
-21.53,0.37079734
-21.540000000000003,0.37076703
-21.55,0.3707367
-21.560000000000002,0.37070635
-21.57,0.370676
-21.580000000000002,0.37064564
-21.590000000000003,0.37061533
-21.6,0.37058502
-21.610000000000003,0.3705547
-21.62,0.3705244
-21.630000000000003,0.37049407
-21.64,0.37046373
-21.650000000000002,0.37043345
-21.660000000000004,0.37040317
-21.67,0.3703729
-21.680000000000003,0.37034258
-21.69,0.3703123
-21.700000000000003,0.370282
-21.71,0.37025174
-21.720000000000002,0.3702215
-21.73,0.37019122
-21.740000000000002,0.3701609
-21.750000000000004,0.3701306
-21.76,0.37010038
-21.770000000000003,0.37007016
-21.78,0.37003988
-21.790000000000003,0.37000966
-21.8,0.3699794
-21.810000000000002,0.36994916
-21.82,0.36991888
-21.830000000000002,0.3698887
-21.840000000000003,0.36985844
-21.85,0.36982822
-21.860000000000003,0.369798
-21.87,0.36976784
-21.880000000000003,0.36973763
-21.89,0.36970735
-21.900000000000002,0.3696772
-21.910000000000004,0.36964697
-21.92,0.3696168
-21.930000000000003,0.36958662
-21.94,0.36955637
-21.950000000000003,0.36952624
-21.96,0.36949605
-21.970000000000002,0.3694659
-21.98,0.3694357
-21.990000000000002,0.3694055
-22.000000000000004,0.36937538
-22.01,0.36934522
-22.020000000000003,0.3693151
-22.03,0.3692849
-22.040000000000003,0.36925477
-22.05,0.3692246
-22.060000000000002,0.36919448
-22.07,0.36916435
-22.080000000000002,0.36913425
-22.090000000000003,0.3691041
-22.1,0.369074
-22.110000000000003,0.36904386
-22.12,0.36901373
-22.130000000000003,0.36898366
-22.14,0.36895353
-22.150000000000002,0.36892343
-22.160000000000004,0.36889333
-22.17,0.36886325
-22.180000000000003,0.36883312
-22.19,0.36880305
-22.200000000000003,0.36877298
-22.21,0.3687429
-22.220000000000002,0.36871284
-22.23,0.36868277
-22.240000000000002,0.3686527
-22.250000000000004,0.36862263
-22.26,0.36859256
-22.270000000000003,0.36856252
-22.28,0.36853248
-22.290000000000003,0.36850244
-22.3,0.36847243
-22.310000000000002,0.36844236
-22.32,0.36841232
-22.330000000000002,0.36838233
-22.340000000000003,0.3683523
-22.35,0.36832225
-22.360000000000003,0.36829224
-22.37,0.36826226
-22.380000000000003,0.36823225
-22.39,0.3682022
-22.400000000000002,0.36817223
-22.410000000000004,0.36814225
-22.42,0.36811224
-22.430000000000003,0.36808226
-22.44,0.3680523
-22.450000000000003,0.36802232
-22.46,0.3679923
-22.470000000000002,0.36796236
-22.48,0.3679324
-22.490000000000002,0.36790243
-22.500000000000004,0.36787248
-22.51,0.36784253
-22.520000000000003,0.36781257
-22.53,0.3677826
-22.540000000000003,0.3677527
-22.55,0.3677228
-22.560000000000002,0.36769283
-22.57,0.3676629
-22.580000000000002,0.367633
-22.590000000000003,0.36760306
-22.6,0.36757317
-22.610000000000003,0.36754322
-22.62,0.36751333
-22.630000000000003,0.36748344
-22.64,0.36745352
-22.650000000000002,0.36742368
-22.660000000000004,0.36739373
-22.67,0.36736387
-22.680000000000003,0.36733398
-22.69,0.3673041
-22.700000000000003,0.36727422
-22.71,0.36724436
-22.720000000000002,0.36721447
-22.73,0.3671846
-22.740000000000002,0.36715478
-22.750000000000004,0.36712492
-22.76,0.36709505
-22.770000000000003,0.3670652
-22.78,0.3670354
-22.790000000000003,0.36700553
-22.8,0.3669757
-22.810000000000002,0.36694586
-22.82,0.36691606
-22.830000000000002,0.36688626
-22.840000000000003,0.36685646
-22.85,0.36682665
-22.860000000000003,0.36679682
-22.87,0.36676702
-22.880000000000003,0.3667372
-22.89,0.36670744
-22.900000000000002,0.36667764
-22.910000000000004,0.36664784
-22.92,0.3666181
-22.930000000000003,0.36658826
-22.94,0.36655852
-22.950000000000003,0.36652875
-22.96,0.36649898
-22.970000000000002,0.36646923
-22.98,0.3664395
-22.990000000000002,0.36640975
-23.000000000000004,0.36637998
-23.01,0.36635023
-23.020000000000003,0.36632052
-23.03,0.36629075
-23.040000000000003,0.366261
-23.05,0.3662313
-23.060000000000002,0.36620158
-23.07,0.36617184
-23.080000000000002,0.36614215
-23.090000000000003,0.3661124
-23.1,0.36608273
-23.110000000000003,0.36605304
-23.12,0.3660233
-23.130000000000003,0.36599368
-23.14,0.36596397
-23.150000000000002,0.36593425
-23.160000000000004,0.3659046
-23.17,0.36587492
-23.180000000000003,0.36584526
-23.19,0.36581555
-23.200000000000003,0.3657859
-23.21,0.36575624
-23.220000000000002,0.36572656
-23.23,0.36569694
-23.240000000000002,0.36566728
-23.250000000000004,0.36563763
-23.26,0.36560804
-23.270000000000003,0.36557835
-23.28,0.36554876
-23.290000000000003,0.36551914
-23.3,0.36548954
-23.310000000000002,0.36545992
-23.32,0.36543024
-23.330000000000002,0.36540067
-23.340000000000003,0.3653711
-23.35,0.36534148
-23.360000000000003,0.3653119
-23.37,0.3652823
-23.380000000000003,0.36525273
-23.39,0.3652231
-23.400000000000002,0.36519358
-23.410000000000004,0.36516398
-23.42,0.36513442
-23.430000000000003,0.36510482
-23.44,0.36507535
-23.450000000000003,0.36504576
-23.46,0.3650162
-23.470000000000002,0.36498666
-23.48,0.3649571
-23.490000000000002,0.36492753
-23.500000000000004,0.36489803
-23.51,0.3648685
-23.520000000000003,0.36483896
-23.53,0.36480945
-23.540000000000003,0.36477995
-23.55,0.36475042
-23.560000000000002,0.3647209
-23.57,0.36469138
-23.580000000000002,0.36466193
-23.590000000000003,0.36463243
-23.6,0.36460292
-23.610000000000003,0.36457342
-23.62,0.3645439
-23.630000000000003,0.36451447
-23.64,0.364485
-23.650000000000002,0.36445555
-23.660000000000004,0.36442608
-23.67,0.3643966
-23.680000000000003,0.36436713
-23.69,0.3643377
-23.700000000000003,0.36430824
-23.71,0.3642788
-23.720000000000002,0.36424938
-23.73,0.36421993
-23.740000000000002,0.36419052
-23.750000000000004,0.3641611
-23.76,0.36413166
-23.770000000000003,0.36410227
-23.78,0.36407286
-23.790000000000003,0.3640434
-23.8,0.36401403
-23.810000000000002,0.3639846
-23.82,0.36395523
-23.830000000000002,0.36392584
-23.840000000000003,0.36389646
-23.85,0.36386707
-23.860000000000003,0.36383766
-23.87,0.36380827
-23.880000000000003,0.36377895
-23.89,0.36374962
-23.900000000000002,0.36372024
-23.910000000000004,0.36369085
-23.92,0.36366153
-23.930000000000003,0.36363217
-23.94,0.36360285
-23.950000000000003,0.3635735
-23.96,0.36354417
-23.970000000000002,0.36351478
-23.98,0.3634855
-23.990000000000002,0.3634562
-24.000000000000004,0.36342686
-24.01,0.36339754
-24.020000000000003,0.36336827
-24.03,0.36333895
-24.040000000000003,0.36330962
-24.05,0.36328036
-24.060000000000002,0.36325106
-24.070000000000004,0.36322176
-24.080000000000002,0.3631925
-24.090000000000003,0.36316323
-24.1,0.36313397
-24.110000000000003,0.36310473
-24.12,0.36307544
-24.130000000000003,0.36304617
-24.14,0.3630169
-24.150000000000002,0.36298764
-24.160000000000004,0.3629584
-24.17,0.3629292
-24.180000000000003,0.36289996
-24.19,0.3628707
-24.200000000000003,0.36284146
-24.21,0.36281228
-24.220000000000002,0.362783
-24.23,0.3627538
-24.240000000000002,0.3627246
-24.250000000000004,0.3626954
-24.26,0.3626662
-24.270000000000003,0.36263698
-24.28,0.3626078
-24.290000000000003,0.36257863
-24.3,0.36254942
-24.310000000000002,0.36252028
-24.320000000000004,0.36249107
-24.330000000000002,0.3624619
-24.340000000000003,0.36243272
-24.35,0.36240354
-24.360000000000003,0.36237442
-24.37,0.36234528
-24.380000000000003,0.3623161
-24.39,0.36228698
-24.400000000000002,0.36225784
-24.410000000000004,0.3622287
-24.42,0.36219957
-24.430000000000003,0.36217043
-24.44,0.3621413
-24.450000000000003,0.36211222
-24.46,0.36208308
-24.470000000000002,0.362054
-24.48,0.36202487
-24.490000000000002,0.36199582
-24.500000000000004,0.36196667
-24.51,0.36193758
-24.520000000000003,0.3619085
-24.53,0.3618794
-24.540000000000003,0.36185035
-24.55,0.36182126
-24.560000000000002,0.3617922
-24.570000000000004,0.36176315
-24.580000000000002,0.36173406
-24.590000000000003,0.36170503
-24.6,0.36167598
-24.610000000000003,0.36164695
-24.62,0.36161792
-24.630000000000003,0.36158884
-24.64,0.3615598
-24.650000000000002,0.36153078
-24.660000000000004,0.36150175
-24.67,0.36147273
-24.680000000000003,0.3614437
-24.69,0.36141473
-24.700000000000003,0.3613857
-24.71,0.36135674
-24.720000000000002,0.36132774
-24.73,0.36129874
-24.740000000000002,0.3612697
-24.750000000000004,0.36124074
-24.76,0.36121175
-24.770000000000003,0.36118275
-24.78,0.36115378
-24.790000000000003,0.36112484
-24.8,0.3610959
-24.810000000000002,0.3610669
-24.820000000000004,0.36103797
-24.830000000000002,0.36100903
-24.840000000000003,0.3609801
-24.85,0.36095116
-24.860000000000003,0.36092222
-24.87,0.3608933
-24.880000000000003,0.36086434
-24.89,0.36083546
-24.900000000000002,0.3608065
-24.910000000000004,0.36077762
-24.92,0.3607487
-24.930000000000003,0.3607198
-24.94,0.3606909
-24.950000000000003,0.360662
-24.96,0.3606331
-24.970000000000002,0.36060423
-24.98,0.36057538
-24.990000000000002,0.36054647
-25.000000000000004,0.36051762
-25.01,0.3604887
-25.020000000000003,0.36045986
-25.03,0.36043102
-25.040000000000003,0.36040214
-25.05,0.36037332
-25.060000000000002,0.36034447
-25.070000000000004,0.36031562
-25.080000000000002,0.3602868
-25.090000000000003,0.36025798
-25.1,0.36022913
-25.110000000000003,0.36020032
-25.12,0.3601715
-25.130000000000003,0.3601427
-25.14,0.3601139
-25.150000000000002,0.36008507
-25.160000000000004,0.36005628
-25.17,0.3600275
-25.180000000000003,0.35999873
-25.19,0.35996994
-25.200000000000003,0.35994118
-25.21,0.35991234
-25.220000000000002,0.35988355
-25.23,0.35985482
-25.240000000000002,0.3598261
-25.250000000000004,0.35979733
-25.26,0.35976857
-25.270000000000003,0.35973978
-25.28,0.35971105
-25.290000000000003,0.3596823
-25.3,0.35965353
-25.310000000000002,0.35962483
-25.320000000000004,0.35959607
-25.330000000000002,0.3595674
-25.340000000000003,0.35953867
-25.35,0.35950994
-25.360000000000003,0.35948125
-25.37,0.35945258
-25.380000000000003,0.35942388
-25.39,0.35939515
-25.400000000000002,0.35936645
-25.410000000000004,0.35933775
-25.42,0.35930908
-25.430000000000003,0.3592804
-25.44,0.35925177
-25.450000000000003,0.35922307
-25.46,0.35919446
-25.470000000000002,0.35916576
-25.48,0.35913712
-25.490000000000002,0.35910848
-25.500000000000004,0.35907978
-25.51,0.35905117
-25.520000000000003,0.35902253
-25.53,0.3589939
-25.540000000000003,0.35896528
-25.55,0.35893667
-25.560000000000002,0.35890803
-25.570000000000004,0.35887942
-25.580000000000002,0.35885084
-25.590000000000003,0.35882223
-25.6,0.35879365
-25.610000000000003,0.358765
-25.62,0.35873643
-25.630000000000003,0.35870782
-25.64,0.35867926
-25.650000000000002,0.35865068
-25.660000000000004,0.35862213
-25.67,0.35859355
-25.680000000000003,0.35856497
-25.69,0.35853642
-25.700000000000003,0.3585078
-25.71,0.35847932
-25.720000000000002,0.35845077
-25.73,0.35842225
-25.740000000000002,0.3583937
-25.750000000000004,0.35836518
-25.76,0.35833666
-25.770000000000003,0.35830814
-25.78,0.35827962
-25.790000000000003,0.3582511
-25.8,0.35822254
-25.810000000000002,0.3581941
-25.820000000000004,0.3581656
-25.830000000000002,0.3581371
-25.840000000000003,0.35810858
-25.85,0.3580801
-25.860000000000003,0.35805166
-25.87,0.35802317
-25.880000000000003,0.3579947
-25.89,0.3579662
-25.900000000000002,0.35793775
-25.910000000000004,0.3579093
-25.92,0.35788083
-25.930000000000003,0.35785243
-25.94,0.357824
-25.950000000000003,0.35779554
-25.96,0.3577671
-25.970000000000002,0.3577387
-25.98,0.35771027
-25.990000000000002,0.3576818
-26.000000000000004,0.35765338
-26.01,0.357625
-26.020000000000003,0.35759658
-26.03,0.35756814
-26.040000000000003,0.35753977
-26.05,0.3575114
-26.060000000000002,0.35748306
-26.070000000000004,0.35745463
-26.080000000000002,0.35742626
-26.090000000000003,0.35739788
-26.1,0.35736954
-26.110000000000003,0.35734117
-26.12,0.35731274
-26.130000000000003,0.35728446
-26.14,0.35725608
-26.150000000000002,0.35722774
-26.160000000000004,0.3571994
-26.17,0.35717106
-26.180000000000003,0.35714275
-26.19,0.35711443
-26.200000000000003,0.35708612
-26.21,0.35705778
-26.220000000000002,0.35702947
-26.23,0.35700116
-26.240000000000002,0.35697284
-26.250000000000004,0.35694453
-26.26,0.35691628
-26.270000000000003,0.35688794
-26.28,0.35685965
-26.290000000000003,0.3568314
-26.3,0.3568031
-26.310000000000002,0.35677484
-26.320000000000004,0.35674655
-26.330000000000002,0.3567183
-26.340000000000003,0.35669005
-26.35,0.35666177
-26.360000000000003,0.35663354
-26.37,0.3566053
-26.380000000000003,0.35657704
-26.39,0.3565488
-26.400000000000002,0.3565206
-26.410000000000004,0.35649237
-26.42,0.35646415
-26.430000000000003,0.35643592
-26.44,0.3564077
-26.450000000000003,0.3563795
-26.46,0.35635132
-26.470000000000002,0.3563231
-26.48,0.35629487
-26.490000000000002,0.35626674
-26.500000000000004,0.35623854
-26.51,0.35621035
-26.520000000000003,0.35618222
-26.53,0.35615402
-26.540000000000003,0.3561259
-26.55,0.3560977
-26.560000000000002,0.35606954
-26.570000000000004,0.35604143
-26.580000000000002,0.35601324
-26.590000000000003,0.35598513
-26.6,0.35595697
-26.610000000000003,0.35592884
-26.62,0.3559007
-26.630000000000003,0.3558726
-26.64,0.35584444
-26.650000000000002,0.35581633
-26.660000000000004,0.35578826
-26.67,0.35576016
-26.680000000000003,0.35573202
-26.69,0.35570395
-26.700000000000003,0.35567588
-26.71,0.3556478
-26.720000000000002,0.35561967
-26.73,0.35559162
-26.740000000000002,0.35556355
-26.750000000000004,0.35553548
-26.76,0.35550743
-26.770000000000003,0.35547936
-26.78,0.35545132
-26.790000000000003,0.35542327
-26.8,0.35539523
-26.810000000000002,0.35536718
-26.820000000000004,0.35533917
-26.830000000000002,0.3553111
-26.840000000000003,0.35528308
-26.85,0.35525507
-26.860000000000003,0.35522705
-26.87,0.35519904
-26.880000000000003,0.35517105
-26.89,0.35514304
-26.900000000000002,0.355115
-26.910000000000004,0.35508704
-26.92,0.35505906
-26.930000000000003,0.35503104
-26.94,0.35500306
-26.950000000000003,0.35497507
-26.96,0.35494718
-26.970000000000002,0.3549192
-26.98,0.35489124
-26.990000000000002,0.3548633
-27.000000000000004,0.35483533
-27.01,0.35480738
-27.020000000000003,0.35477942
-27.03,0.35475153
-27.040000000000003,0.35472357
-27.05,0.35469565
-27.060000000000002,0.35466775
-27.070000000000004,0.3546398
-27.080000000000002,0.35461187
-27.090000000000003,0.35458398
-27.1,0.35455608
-27.110000000000003,0.3545282
-27.12,0.35450032
-27.130000000000003,0.3544724
-27.14,0.35444456
-27.150000000000002,0.35441664
-27.160000000000004,0.35438874
-27.17,0.35436085
-27.180000000000003,0.35433304
-27.19,0.3543052
-27.200000000000003,0.3542773
-27.21,0.35424948
-27.220000000000002,0.3542216
-27.23,0.3541938
-27.240000000000002,0.35416594
-27.250000000000004,0.3541381
-27.26,0.3541103
-27.270000000000003,0.35408244
-27.28,0.35405463
-27.290000000000003,0.35402685
-27.3,0.353999
-27.310000000000002,0.35397124
-27.320000000000004,0.35394344
-27.330000000000002,0.35391563
-27.340000000000003,0.35388783
-27.35,0.35386005
-27.360000000000003,0.35383224
-27.37,0.3538045
-27.380000000000003,0.35377672
-27.39,0.35374895
-27.400000000000002,0.3537212
-27.410000000000004,0.35369343
-27.42,0.35366568
-27.430000000000003,0.3536379
-27.44,0.35361016
-27.450000000000003,0.35358247
-27.46,0.35355473
-27.470000000000002,0.35352698
-27.48,0.3534993
-27.490000000000002,0.35347155
-27.500000000000004,0.35344383
-27.51,0.35341612
-27.520000000000003,0.35338843
-27.53,0.3533607
-27.540000000000003,0.35333306
-27.55,0.3533053
-27.560000000000002,0.35327765
-27.570000000000004,0.35324997
-27.580000000000002,0.35322228
-27.590000000000003,0.35319465
-27.6,0.353167
-27.610000000000003,0.3531393
-27.62,0.35311162
-27.630000000000003,0.35308397
-27.64,0.35305634
-27.650000000000002,0.35302868
-27.660000000000004,0.35300106
-27.67,0.3529734
-27.680000000000003,0.35294577
-27.69,0.35291815
-27.700000000000003,0.3528905
-27.71,0.35286295
-27.720000000000002,0.35283533
-27.73,0.3528077
-27.740000000000002,0.3527801
-27.750000000000004,0.35275254
-27.76,0.35272494
-27.770000000000003,0.35269734
-27.78,0.35266978
-27.790000000000003,0.35264218
-27.8,0.3526146
-27.810000000000002,0.35258704
-27.820000000000004,0.35255945
-27.830000000000002,0.3525319
-27.840000000000003,0.35250437
-27.85,0.35247684
-27.860000000000003,0.35244927
-27.87,0.35242176
-27.880000000000003,0.35239416
-27.89,0.3523667
-27.900000000000002,0.35233915
-27.910000000000004,0.3523116
-27.92,0.35228407
-27.930000000000003,0.3522566
-27.94,0.3522291
-27.950000000000003,0.35220158
-27.96,0.3521741
-27.970000000000002,0.3521466
-27.98,0.3521191
-27.990000000000002,0.35209164
-28.000000000000004,0.35206416
-28.01,0.35203668
-28.020000000000003,0.3520092
-28.03,0.3519817
-28.040000000000003,0.35195428
-28.05,0.35192686
-28.060000000000002,0.3518994
-28.070000000000004,0.35187197
-28.080000000000002,0.3518445
-28.090000000000003,0.35181707
-28.1,0.35178965
-28.110000000000003,0.35176224
-28.12,0.35173482
-28.130000000000003,0.3517074
-28.14,0.35167998
-28.150000000000002,0.3516526
-28.160000000000004,0.3516252
-28.17,0.35159782
-28.180000000000003,0.35157037
-28.19,0.351543
-28.200000000000003,0.35151562
-28.21,0.35148823
-28.220000000000002,0.3514609
-28.23,0.35143352
-28.240000000000002,0.35140616
-28.250000000000004,0.35137877
-28.26,0.35135147
-28.270000000000003,0.3513241
-28.28,0.35129672
-28.290000000000003,0.35126936
-28.3,0.35124207
-28.310000000000002,0.35121474
-28.320000000000004,0.3511874
-28.330000000000002,0.35116005
-28.340000000000003,0.35113278
-28.35,0.35110548
-28.360000000000003,0.35107818
-28.37,0.35105085
-28.380000000000003,0.35102355
-28.39,0.35099632
-28.400000000000002,0.350969
-28.410000000000004,0.35094172
-28.42,0.35091448
-28.430000000000003,0.35088715
-28.44,0.35085994
-28.450000000000003,0.35083264
-28.46,0.3508054
-28.470000000000002,0.35077816
-28.48,0.35075086
-28.490000000000002,0.35072362
-28.500000000000004,0.35069638
-28.51,0.35066915
-28.520000000000003,0.35064194
-28.53,0.35061473
-28.540000000000003,0.35058755
-28.55,0.35056025
-28.560000000000002,0.35053307
-28.570000000000004,0.35050583
-28.580000000000002,0.3504787
-28.590000000000003,0.35045147
-28.6,0.35042426
-28.610000000000003,0.35039708
-28.62,0.3503699
-28.630000000000003,0.35034272
-28.64,0.35031557
-28.650000000000002,0.3502884
-28.660000000000004,0.35026124
-28.67,0.3502341
-28.680000000000003,0.3502069
-28.69,0.35017976
-28.700000000000003,0.35015264
-28.71,0.35012552
-28.720000000000002,0.35009837
-28.73,0.35007128
-28.740000000000002,0.3500441
-28.750000000000004,0.35001698
-28.76,0.3499899
-28.770000000000003,0.34996277
-28.78,0.34993568
-28.790000000000003,0.34990856
-28.8,0.34988147
-28.810000000000002,0.34985438
-28.820000000000004,0.34982732
-28.830000000000002,0.34980023
-28.840000000000003,0.34977317
-28.85,0.34974608
-28.860000000000003,0.34971905
-28.87,0.34969196
-28.880000000000003,0.3496649
-28.89,0.34963784
-28.900000000000002,0.34961078
-28.910000000000004,0.34958375
-28.92,0.3495567
-28.930000000000003,0.34952968
-28.94,0.34950262
-28.950000000000003,0.34947562
-28.96,0.34944865
-28.970000000000002,0.34942156
-28.98,0.3493946
-28.990000000000002,0.34936756
-29.000000000000004,0.3493406
-29.01,0.34931362
-29.020000000000003,0.34928665
-29.03,0.34925964
-29.040000000000003,0.34923267
-29.05,0.34920567
-29.060000000000002,0.3491787
-29.070000000000004,0.34915173
-29.080000000000002,0.3491248
-29.090000000000003,0.34909782
-29.1,0.3490709
-29.110000000000003,0.34904397
-29.12,0.34901702
-29.130000000000003,0.34899005
-29.14,0.3489631
-29.150000000000002,0.3489362
-29.160000000000004,0.34890926
-29.17,0.3488824
-29.180000000000003,0.34885544
-29.19,0.34882855
-29.200000000000003,0.3488016
-29.21,0.34877476
-29.220000000000002,0.34874785
-29.23,0.34872097
-29.240000000000002,0.34869406
-29.250000000000004,0.3486672
-29.26,0.34864032
-29.270000000000003,0.34861344
-29.28,0.34858662
-29.290000000000003,0.34855974
-29.3,0.34853286
-29.310000000000002,0.34850603
-29.320000000000004,0.3484792
-29.330000000000002,0.34845236
-29.340000000000003,0.3484255
-29.35,0.3483987
-29.360000000000003,0.3483719
-29.37,0.348345
-29.380000000000003,0.34831825
-29.39,0.3482914
-29.400000000000002,0.3482646
-29.410000000000004,0.34823775
-29.42,0.348211
-29.430000000000003,0.34818423
-29.44,0.3481574
-29.450000000000003,0.34813064
-29.46,0.34810388
-29.470000000000002,0.34807712
-29.48,0.34805033
-29.490000000000002,0.34802356
-29.500000000000004,0.34799677
-29.51,0.34797007
-29.520000000000003,0.3479433
-29.53,0.34791657
-29.540000000000003,0.34788984
-29.55,0.34786308
-29.560000000000002,0.34783635
-29.570000000000004,0.34780964
-29.580000000000002,0.3477829
-29.590000000000003,0.34775618
-29.6,0.3477295
-29.610000000000003,0.3477028
-29.62,0.3476761
-29.630000000000003,0.3476494
-29.64,0.3476227
-29.650000000000002,0.34759602
-29.660000000000004,0.34756932
-29.67,0.34754267
-29.680000000000003,0.34751594
-29.69,0.34748933
-29.700000000000003,0.34746262
-29.71,0.34743604
-29.720000000000002,0.34740937
-29.73,0.34738272
-29.740000000000002,0.34735602
-29.750000000000004,0.34732944
-29.76,0.34730276
-29.770000000000003,0.3472762
-29.78,0.34724954
-29.790000000000003,0.34722292
-29.8,0.3471963
-29.810000000000002,0.3471697
-29.820000000000004,0.34714317
-29.830000000000002,0.3471165
-29.840000000000003,0.34708992
-29.85,0.34706336
-29.860000000000003,0.34703678
-29.87,0.34701017
-29.880000000000003,0.3469836
-29.89,0.34695703
-29.900000000000002,0.34693044
-29.910000000000004,0.3469039
-29.92,0.34687734
-29.930000000000003,0.34685078
-29.94,0.34682423
-29.950000000000003,0.34679767
-29.96,0.3467712
-29.970000000000002,0.34674463
-29.98,0.3467181
-29.990000000000002,0.34669155
-30.000000000000004,0.34666508
-30.01,0.34663856
-30.020000000000003,0.34661204
-30.03,0.34658557
-30.040000000000003,0.34655905
-30.05,0.34653258
-30.060000000000002,0.34650606
-30.070000000000004,0.3464796
-30.080000000000002,0.3464531
-30.090000000000003,0.34642667
-30.1,0.34640017
-30.110000000000003,0.3463737
-30.12,0.34634727
-30.130000000000003,0.3463208
-30.14,0.34629437
-30.150000000000002,0.3462679
-30.160000000000004,0.34624147
-30.17,0.34621504
-30.180000000000003,0.34618863
-30.19,0.34616223
-30.200000000000003,0.3461358
-30.21,0.34610936
-30.220000000000002,0.34608293
-30.23,0.34605655
-30.240000000000002,0.34603015
-30.250000000000004,0.3460037
-30.26,0.34597737
-30.270000000000003,0.34595093
-30.28,0.34592462
-30.290000000000003,0.3458982
-30.3,0.34587184
-30.310000000000002,0.34584546
-30.320000000000004,0.34581912
-30.330000000000002,0.34579274
-30.340000000000003,0.34576643
-30.35,0.34574008
-30.360000000000003,0.34571373
-30.37,0.3456874
-30.380000000000003,0.34566104
-30.39,0.34563473
-30.400000000000002,0.3456084
-30.410000000000004,0.34558213
-30.42,0.3455558
-30.430000000000003,0.34552944
-30.44,0.34550315
-30.450000000000003,0.34547684
-30.46,0.34545058
-30.470000000000002,0.3454243
-30.48,0.34539798
-30.490000000000002,0.3453717
-30.500000000000004,0.3453454
-30.51,0.34531918
-30.520000000000003,0.34529293
-30.53,0.34526664
-30.540000000000003,0.34524035
-30.55,0.34521413
-30.560000000000002,0.34518787
-30.570000000000004,0.34516168
-30.580000000000002,0.34513542
-30.590000000000003,0.34510922
-30.6,0.345083
-30.610000000000003,0.3450567
-30.62,0.34503052
-30.630000000000003,0.3450043
-30.64,0.3449781
-30.650000000000002,0.3449519
-30.660000000000004,0.34492573
-30.67,0.34489954
-30.680000000000003,0.3448733
-30.69,0.34484714
-30.700000000000003,0.34482098
-30.71,0.3447948
-30.720000000000002,0.34476867
-30.73,0.34474248
-30.740000000000002,0.3447163
-30.750000000000004,0.34469014
-30.76,0.34466404
-30.770000000000003,0.34463787
-30.78,0.3446118
-30.790000000000003,0.3445856
-30.8,0.3445595
-30.810000000000002,0.34453338
-30.820000000000004,0.34450722
-30.830000000000002,0.3444811
-30.840000000000003,0.344455
-30.85,0.3444289
-30.860000000000003,0.3444028
-30.87,0.34437668
-30.880000000000003,0.34435064
-30.89,0.34432453
-30.900000000000002,0.34429842
-30.910000000000004,0.34427235
-30.92,0.34424633
-30.930000000000003,0.34422022
-30.94,0.34419417
-30.950000000000003,0.34416816
-30.96,0.34414208
-30.970000000000002,0.34411603
-30.980000000000004,0.34408998
-30.990000000000002,0.34406397
-31.000000000000004,0.3440379
-31.01,0.3440119
-31.020000000000003,0.34398586
-31.03,0.34395984
-31.040000000000003,0.34393382
-31.05,0.34390783
-31.060000000000002,0.34388185
-31.070000000000004,0.3438559
-31.080000000000002,0.34382987
-31.090000000000003,0.34380382
-31.1,0.34377784
-31.110000000000003,0.3437519
-31.12,0.34372595
-31.130000000000003,0.3437
-31.14,0.343674
-31.150000000000002,0.34364802
-31.160000000000004,0.34362212
-31.17,0.34359613
-31.180000000000003,0.34357017
-31.19,0.34354424
-31.200000000000003,0.34351832
-31.21,0.34349236
-31.220000000000002,0.34346646
-31.230000000000004,0.34344053
-31.240000000000002,0.34341463
-31.250000000000004,0.3433887
-31.26,0.3433628
-31.270000000000003,0.3433369
-31.28,0.343311
-31.290000000000003,0.34328508
-31.3,0.34325927
-31.310000000000002,0.34323338
-31.320000000000004,0.34320754
-31.330000000000002,0.34318155
-31.340000000000003,0.34315574
-31.35,0.34312987
-31.360000000000003,0.343104
-31.37,0.34307817
-31.380000000000003,0.34305236
-31.39,0.3430265
-31.400000000000002,0.34300065
-31.410000000000004,0.34297484
-31.42,0.34294897
-31.430000000000003,0.34292313
-31.44,0.34289736
-31.450000000000003,0.3428715
-31.46,0.34284574
-31.470000000000002,0.34281993
-31.480000000000004,0.34279412
-31.490000000000002,0.3427683
-31.500000000000004,0.34274253
-31.51,0.34271672
-31.520000000000003,0.34269097
-31.53,0.3426652
-31.540000000000003,0.34263945
-31.55,0.34261367
-31.560000000000002,0.34258795
-31.570000000000004,0.3425621
-31.580000000000002,0.3425364
-31.590000000000003,0.34251067
-31.6,0.34248492
-31.610000000000003,0.3424592
-31.62,0.34243342
-31.630000000000003,0.34240773
-31.64,0.342382
-31.650000000000002,0.3423563
-31.660000000000004,0.34233057
-31.67,0.34230486
-31.680000000000003,0.3422792
-31.69,0.34225345
-31.700000000000003,0.3422278
-31.71,0.34220213
-31.720000000000002,0.3421764
-31.730000000000004,0.34215072
-31.740000000000002,0.34212506
-31.750000000000004,0.34209937
-31.76,0.3420737
-31.770000000000003,0.34204808
-31.78,0.3420224
-31.790000000000003,0.34199685
-31.8,0.34197113
-31.810000000000002,0.3419455
-31.820000000000004,0.34191984
-31.830000000000002,0.34189427
-31.840000000000003,0.34186858
-31.85,0.341843
-31.860000000000003,0.34181738
-31.87,0.3417918
-31.880000000000003,0.34176615
-31.89,0.34174058
-31.900000000000002,0.34171498
-31.910000000000004,0.3416894
-31.92,0.34166384
-31.930000000000003,0.3416382
-31.94,0.34161264
-31.950000000000003,0.34158707
-31.96,0.3415615
-31.970000000000002,0.341536
-31.980000000000004,0.3415104
-31.990000000000002,0.34148484
-32.0,0.3414593
-32.01,0.34143376
-32.019999999999996,0.3414082
-32.03,0.34138268
-32.04,0.3413571
-32.05,0.34133163
-32.059999999999995,0.3413061
-32.07,0.34128064
-32.08,0.34125507
-32.089999999999996,0.34122962
-32.1,0.34120417
-32.11,0.3411786
-32.12,0.34115312
-32.129999999999995,0.34112763
-32.14,0.34110215
-32.15,0.34107667
-32.16,0.34105125
-32.17,0.34102577
-32.18,0.34100032
-32.19,0.34097484
-32.199999999999996,0.3409494
-32.21,0.34092396
-32.22,0.34089854
-32.23,0.34087306
-32.24,0.34084764
-32.25,0.34082222
-32.26,0.34079683
-32.269999999999996,0.34077138
-32.28,0.340746
-32.29,0.34072056
-32.3,0.3406952
-32.309999999999995,0.3406698
-32.32,0.34064442
-32.33,0.34061906
-32.339999999999996,0.34059364
-32.35,0.3405683
-32.36,0.34054288
-32.37,0.34051755
-32.379999999999995,0.3404922
-32.39,0.34046683
-32.4,0.34044147
-32.41,0.3404161
-32.42,0.3403908
-32.43,0.3403654
-32.44,0.34034014
-32.449999999999996,0.3403148
-32.46,0.34028947
-32.47,0.34026414
-32.48,0.34023887
-32.49,0.34021348
-32.5,0.34018826
-32.51,0.34016296
-32.519999999999996,0.34013763
-32.53,0.34011236
-32.54,0.34008706
-32.55,0.34006178
-32.559999999999995,0.34003648
-32.57,0.34001127
-32.58,0.33998597
-32.589999999999996,0.3399607
-32.6,0.33993548
-32.61,0.3399102
-32.62,0.339885
-32.629999999999995,0.33985972
-32.64,0.3398345
-32.65,0.33980924
-32.66,0.33978403
-32.67,0.3397588
-32.68,0.33973363
-32.69,0.3397084
-32.699999999999996,0.33968318
-32.71,0.33965796
-32.72,0.3396328
-32.73,0.3396076
-32.74,0.3395824
-32.75,0.33955723
-32.76,0.33953205
-32.769999999999996,0.33950686
-32.78,0.33948165
-32.79,0.33945653
-32.8,0.33943138
-32.809999999999995,0.33940622
-32.82,0.33938104
-32.83,0.33935592
-32.839999999999996,0.3393308
-32.85,0.33930567
-32.86,0.3392805
-32.87,0.33925545
-32.879999999999995,0.33923033
-32.89,0.33920515
-32.9,0.33918005
-32.91,0.33915496
-32.92,0.33912987
-32.93,0.33910477
-32.94,0.33907968
-32.949999999999996,0.3390546
-32.96,0.33902952
-32.97,0.3390044
-32.98,0.33897936
-32.99,0.33895427
-33.0,0.33892927
-33.01,0.33890417
-33.019999999999996,0.33887914
-33.03,0.33885404
-33.04,0.33882907
-33.05,0.338804
-33.059999999999995,0.33877897
-33.07,0.338754
-33.08,0.3387289
-33.089999999999996,0.33870393
-33.1,0.3386789
-33.11,0.33865392
-33.12,0.3386289
-33.129999999999995,0.33860385
-33.14,0.33857888
-33.15,0.33855397
-33.16,0.33852893
-33.17,0.33850396
-33.18,0.33847898
-33.19,0.338454
-33.199999999999996,0.33842906
-33.21,0.33840406
-33.22,0.33837914
-33.23,0.33835417
-33.24,0.33832926
-33.25,0.3383043
-33.26,0.33827943
-33.269999999999996,0.33825445
-33.28,0.33822948
-33.29,0.33820462
-33.3,0.33817965
-33.309999999999995,0.33815476
-33.32,0.33812988
-33.33,0.338105
-33.339999999999996,0.33808008
-33.35,0.33805513
-33.36,0.3380303
-33.37,0.3380054
-33.379999999999995,0.33798054
-33.39,0.33795565
-33.4,0.33793077
-33.41,0.33790594
-33.42,0.3378811
-33.43,0.3378562
-33.44,0.33783144
-33.449999999999996,0.33780652
-33.46,0.3377817
-33.47,0.3377569
-33.48,0.33773208
-33.49,0.33770722
-33.5,0.3376824
-33.51,0.3376576
-33.519999999999996,0.33763278
-33.53,0.33760798
-33.54,0.3375832
-33.55,0.3375584
-33.559999999999995,0.3375336
-33.57,0.33750883
-33.58,0.33748403
-33.589999999999996,0.33745933
-33.6,0.33743453
-33.61,0.33740973
-33.62,0.33738497
-33.629999999999995,0.3373602
-33.64,0.33733544
-33.65,0.33731073
-33.66,0.33728594
-33.67,0.33726126
-33.68,0.3372365
-33.69,0.3372118
-33.699999999999996,0.33718708
-33.71,0.33716235
-33.72,0.3371377
-33.73,0.3371129
-33.74,0.3370882
-33.75,0.3370635
-33.76,0.33703882
-33.769999999999996,0.33701414
-33.78,0.33698943
-33.79,0.33696473
-33.8,0.33694014
-33.809999999999995,0.33691543
-33.82,0.33689082
-33.83,0.3368661
-33.839999999999996,0.33684146
-33.85,0.33681676
-33.86,0.33679217
-33.87,0.33676752
-33.879999999999995,0.33674288
-33.89,0.33671826
-33.9,0.33669364
-33.91,0.33666906
-33.92,0.3366444
-33.93,0.3366198
-33.94,0.3365952
-33.949999999999996,0.3365706
-33.96,0.336546
-33.97,0.3365214
-33.98,0.33649683
-33.99,0.3364722
-34.0,0.33644766
-34.01,0.33642307
-34.019999999999996,0.33639854
-34.03,0.33637398
-34.04,0.33634943
-34.05,0.33632487
-34.059999999999995,0.33630028
-34.07,0.33627576
-34.08,0.33625126
-34.089999999999996,0.3362267
-34.1,0.33620214
-34.11,0.33617765
-34.12,0.3361531
-34.129999999999995,0.33612865
-34.14,0.33610412
-34.15,0.3360796
-34.16,0.3360551
-34.17,0.33603063
-34.18,0.3360061
-34.19,0.33598167
-34.199999999999996,0.33595717
-34.21,0.33593267
-34.22,0.33590823
-34.23,0.3358837
-34.24,0.33585924
-34.25,0.3358348
-34.26,0.33581036
-34.269999999999996,0.33578593
-34.28,0.33576146
-34.29,0.33573705
-34.3,0.3357126
-34.31,0.33568817
-34.32,0.3356638
-34.33,0.33563936
-34.339999999999996,0.33561498
-34.35,0.3355905
-34.36,0.33556613
-34.37,0.33554173
-34.379999999999995,0.3355173
-34.39,0.33549294
-34.4,0.33546853
-34.41,0.33544415
-34.42,0.3354198
-34.43,0.33539546
-34.44,0.3353711
-34.449999999999996,0.33534673
-34.46,0.33532238
-34.47,0.33529803
-34.48,0.33527365
-34.49,0.3352493
-34.5,0.33522496
-34.51,0.3352007
-34.519999999999996,0.33517632
-34.53,0.33515197
-34.54,0.33512768
-34.55,0.3351034
-34.56,0.3350791
-34.57,0.33505473
-34.58,0.3350305
-34.589999999999996,0.33500618
-34.6,0.33498192
-34.61,0.3349576
-34.62,0.33493334
-34.629999999999995,0.33490905
-34.64,0.33488482
-34.65,0.33486053
-34.66,0.33483624
-34.67,0.33481205
-34.68,0.3347878
-34.69,0.3347635
-34.699999999999996,0.33473927
-34.71,0.33471504
-34.72,0.33469084
-34.73,0.3346666
-34.74,0.33464235
-34.75,0.33461812
-34.76,0.33459392
-34.769999999999996,0.33456972
-34.78,0.33454558
-34.79,0.33452132
-34.8,0.33449715
-34.81,0.33447292
-34.82,0.3344488
-34.83,0.33442456
-34.839999999999996,0.33440045
-34.85,0.33437628
-34.86,0.33435208
-34.87,0.33432794
-34.879999999999995,0.3343038
-34.89,0.33427966
-34.9,0.33425552
-34.91,0.33423138
-34.92,0.3342073
-34.93,0.33418313
-34.94,0.334159
-34.949999999999996,0.33413485
-34.96,0.33411077
-34.97,0.33408663
-34.98,0.33406255
-34.99,0.33403844
-35.0,0.3340143
-35.01,0.33399025
-35.019999999999996,0.3339662
-35.03,0.3339421
-35.04,0.33391798
-35.05,0.33389392
-35.06,0.33386984
-35.07,0.3338458
-35.08,0.3338217
-35.089999999999996,0.3337977
-35.1,0.33377367
-35.11,0.3337496
-35.12,0.33372557
-35.129999999999995,0.33370152
-35.14,0.33367753
-35.15,0.3336535
-35.16,0.33362946
-35.17,0.3336055
-35.18,0.3335814
-35.19,0.33355746
-35.199999999999996,0.33353347
-35.21,0.33350945
-35.22,0.33348545
-35.23,0.33346146
-35.24,0.33343744
-35.25,0.33341354
-35.26,0.33338952
-35.269999999999996,0.3333656
-35.28,0.3333416
-35.29,0.3333177
-35.3,0.33329374
-35.31,0.33326975
-35.32,0.33324578
-35.33,0.33322185
-35.339999999999996,0.33319792
-35.35,0.33317402
-35.36,0.3331501
-35.37,0.3331262
-35.379999999999995,0.33310223
-35.39,0.33307832
-35.4,0.33305442
-35.41,0.33303058
-35.42,0.33300668
-35.43,0.33298278
-35.44,0.33295888
-35.449999999999996,0.33293498
-35.46,0.3329111
-35.47,0.33288723
-35.48,0.3328634
-35.49,0.33283955
-35.5,0.33281565
-35.51,0.3327918
-35.519999999999996,0.332768
-35.53,0.33274412
-35.54,0.33272028
-35.55,0.33269644
-35.56,0.33267266
-35.57,0.33264878
-35.58,0.33262503
-35.589999999999996,0.3326012
-35.6,0.33257735
-35.61,0.33255354
-35.62,0.33252978
-35.629999999999995,0.33250597
-35.64,0.33248216
-35.65,0.3324584
-35.66,0.3324346
-35.67,0.33241084
-35.68,0.33238706
-35.69,0.33236328
-35.699999999999996,0.33233953
-35.71,0.33231574
-35.72,0.33229202
-35.73,0.3322683
-35.74,0.33224458
-35.75,0.3322208
-35.76,0.33219707
-35.769999999999996,0.33217335
-35.78,0.33214962
-35.79,0.3321259
-35.8,0.3321022
-35.81,0.33207846
-35.82,0.33205476
-35.83,0.33203107
-35.839999999999996,0.33200738
-35.85,0.3319837
-35.86,0.33196002
-35.87,0.33193636
-35.879999999999995,0.3319126
-35.89,0.33188903
-35.9,0.33186537
-35.91,0.33184162
-35.92,0.33181798
-35.93,0.33179432
-35.94,0.3317707
-35.949999999999996,0.33174714
-35.96,0.33172345
-35.97,0.3316998
-35.98,0.33167613
-35.99,0.33165258
-36.0,0.33162895
-36.01,0.33160532
-36.019999999999996,0.33158177
-36.03,0.3315581
-36.04,0.3315345
-36.05,0.3315109
-36.06,0.3314873
-36.07,0.33146375
-36.08,0.33144015
-36.089999999999996,0.3314166
-36.1,0.33139303
-36.11,0.3313695
-36.12,0.33134586
-36.129999999999995,0.3313223
-36.14,0.3312988
-36.15,0.33127522
-36.16,0.33125165
-36.17,0.3312282
-36.18,0.33120462
-36.19,0.33118114
-36.199999999999996,0.33115762
-36.21,0.33113405
-36.22,0.3311105
-36.23,0.33108708
-36.24,0.33106354
-36.25,0.33104005
-36.26,0.33101654
-36.269999999999996,0.33099303
-36.28,0.33096954
-36.29,0.3309461
-36.3,0.33092263
-36.31,0.33089915
-36.32,0.33087564
-36.33,0.3308522
-36.339999999999996,0.3308287
-36.35,0.3308053
-36.36,0.33078185
-36.37,0.3307584
-36.379999999999995,0.330735
-36.39,0.33071154
-36.4,0.33068815
-36.41,0.33066478
-36.42,0.33064127
-36.43,0.33061787
-36.44,0.33059448
-36.449999999999996,0.33057103
-36.46,0.3305477
-36.47,0.33052427
-36.48,0.3305009
-36.49,0.33047745
-36.5,0.33045405
-36.51,0.33043075
-36.519999999999996,0.33040732
-36.53,0.330384
-36.54,0.33036062
-36.55,0.33033726
-36.56,0.33031392
-36.57,0.33029062
-36.58,0.33026725
-36.589999999999996,0.3302439
-36.6,0.33022058
-36.61,0.33019727
-36.62,0.3301739
-36.629999999999995,0.33015054
-36.64,0.3301273
-36.65,0.3301039
-36.66,0.3300807
-36.67,0.33005738
-36.68,0.33003408
-36.69,0.3300108
-36.699999999999996,0.32998753
-36.71,0.32996422
-36.72,0.32994097
-36.73,0.32991764
-36.74,0.32989436
-36.75,0.32987112
-36.76,0.32984787
-36.769999999999996,0.32982463
-36.78,0.32980135
-36.79,0.32977813
-36.8,0.3297549
-36.81,0.32973164
-36.82,0.32970843
-36.83,0.32968524
-36.839999999999996,0.32966202
-36.85,0.32963878
-36.86,0.32961553
-36.87,0.32959238
-36.879999999999995,0.3295692
-36.89,0.32954597
-36.9,0.32952276
-36.91,0.32949957
-36.92,0.3294764
-36.93,0.3294532
-36.94,0.32943007
-36.949999999999996,0.3294068
-36.96,0.32938373
-36.97,0.32936054
-36.98,0.32933736
-36.99,0.3293143
-37.0,0.32929116
-37.01,0.32926798
-37.019999999999996,0.32924485
-37.03,0.32922167
-37.04,0.3291986
-37.05,0.32917544
-37.06,0.32915235
-37.07,0.32912922
-37.08,0.3291061
-37.089999999999996,0.32908303
-37.1,0.3290599
-37.11,0.32903683
-37.12,0.32901374
-37.129999999999995,0.32899064
-37.14,0.32896757
-37.15,0.3289445
-37.16,0.3289215
-37.17,0.32889834
-37.18,0.32887533
-37.19,0.32885224
-37.199999999999996,0.32882923
-37.21,0.3288061
-37.22,0.32878315
-37.23,0.3287601
-37.24,0.32873708
-37.25,0.328714
-37.26,0.328691
-37.269999999999996,0.32866794
-37.28,0.328645
-37.29,0.32862195
-37.3,0.32859892
-37.31,0.3285759
-37.32,0.32855302
-37.33,0.32853
-37.339999999999996,0.328507
-37.35,0.328484
-37.36,0.32846105
-37.37,0.3284381
-37.379999999999995,0.32841513
-37.39,0.32839215
-37.4,0.3283692
-37.41,0.32834625
-37.42,0.32832327
-37.43,0.32830033
-37.44,0.32827744
-37.449999999999996,0.32825446
-37.46,0.32823154
-37.47,0.32820863
-37.48,0.3281857
-37.49,0.3281628
-37.5,0.3281399
-37.51,0.32811695
-37.519999999999996,0.328094
-37.53,0.32807115
-37.54,0.3280483
-37.55,0.3280254
-37.56,0.32800254
-37.57,0.32797962
-37.58,0.32795677
-37.589999999999996,0.32793388
-37.6,0.32791105
-37.61,0.32788813
-37.62,0.32786533
-37.629999999999995,0.32784247
-37.64,0.32781968
-37.65,0.32779676
-37.66,0.32777393
-37.67,0.32775113
-37.68,0.32772827
-37.69,0.32770544
-37.699999999999996,0.3276826
-37.71,0.32765982
-37.72,0.32763702
-37.73,0.32761425
-37.74,0.32759136
-37.75,0.32756856
-37.76,0.32754588
-37.769999999999996,0.32752308
-37.78,0.32750028
-37.79,0.3274775
-37.8,0.32745475
-37.81,0.32743198
-37.82,0.3274092
-37.83,0.32738647
-37.839999999999996,0.32736373
-37.85,0.32734096
-37.86,0.32731825
-37.87,0.32729548
-37.879999999999995,0.32727274
-37.89,0.32725006
-37.9,0.32722732
-37.91,0.3272046
-37.92,0.32718185
-37.93,0.32715917
-37.94,0.32713646
-37.949999999999996,0.3271137
-37.96,0.32709104
-37.97,0.3270684
-37.98,0.32704574
-37.99,0.327023
-38.0,0.32700032
-38.01,0.32697767
-38.019999999999996,0.326955
-38.03,0.32693228
-38.04,0.32690966
-38.05,0.326887
-38.06,0.3268644
-38.07,0.3268417
-38.08,0.32681912
-38.089999999999996,0.32679644
-38.1,0.32677382
-38.11,0.3267512
-38.12,0.32672855
-38.129999999999995,0.326706
-38.14,0.32668334
-38.15,0.32666078
-38.16,0.3266381
-38.17,0.32661557
-38.18,0.32659295
-38.19,0.32657042
-38.199999999999996,0.3265478
-38.21,0.32652524
-38.22,0.32650262
-38.23,0.3264801
-38.24,0.3264575
-38.25,0.3264349
-38.26,0.3264124
-38.269999999999996,0.32638982
-38.28,0.32636726
-38.29,0.32634476
-38.3,0.3263222
-38.31,0.3262997
-38.32,0.32627717
-38.33,0.32625467
-38.339999999999996,0.32623208
-38.35,0.3262096
-38.36,0.32618707
-38.37,0.3261646
-38.379999999999995,0.32614207
-38.39,0.32611954
-38.4,0.32609704
-38.41,0.3260746
-38.42,0.3260521
-38.43,0.32602963
-38.44,0.32600716
-38.449999999999996,0.32598466
-38.46,0.32596225
-38.47,0.32593977
-38.48,0.3259173
-38.49,0.32589483
-38.5,0.32587242
-38.51,0.32584995
-38.519999999999996,0.32582754
-38.53,0.32580516
-38.54,0.32578272
-38.55,0.3257603
-38.56,0.32573783
-38.57,0.32571542
-38.58,0.325693
-38.589999999999996,0.32567063
-38.6,0.32564822
-38.61,0.32562584
-38.62,0.32560346
-38.629999999999995,0.32558104
-38.64,0.32555866
-38.65,0.3255363
-38.66,0.3255139
-38.67,0.32549158
-38.68,0.3254692
-38.69,0.3254468
-38.699999999999996,0.32542443
-38.71,0.32540214
-38.72,0.32537973
-38.73,0.32535747
-38.74,0.3253351
-38.75,0.3253128
-38.76,0.32529044
-38.769999999999996,0.3252681
-38.78,0.3252458
-38.79,0.32522348
-38.8,0.3252012
-38.81,0.32517892
-38.82,0.32515663
-38.83,0.32513434
-38.839999999999996,0.32511204
-38.85,0.32508972
-38.86,0.32506743
-38.87,0.3250452
-38.879999999999995,0.32502294
-38.89,0.32500064
-38.9,0.32497835
-38.91,0.32495612
-38.92,0.32493392
-38.93,0.32491165
-38.94,0.3248894
-38.949999999999996,0.3248672
-38.96,0.32484496
-38.97,0.32482278
-38.98,0.32480046
-38.99,0.32477832
-39.0,0.3247561
-39.01,0.32473385
-39.019999999999996,0.3247117
-39.03,0.32468948
-39.04,0.32466722
-39.05,0.3246451
-39.06,0.32462287
-39.07,0.3246007
-39.08,0.32457852
-39.089999999999996,0.32455635
-39.1,0.32453418
-39.11,0.324512
-39.12,0.3244898
-39.129999999999995,0.32446772
-39.14,0.32444555
-39.15,0.3244234
-39.16,0.32440132
-39.17,0.32437915
-39.18,0.32435697
-39.19,0.3243349
-39.199999999999996,0.32431275
-39.21,0.32429063
-39.22,0.32426852
-39.23,0.32424647
-39.24,0.32422426
-39.25,0.3242022
-39.26,0.32418016
-39.269999999999996,0.324158
-39.28,0.3241359
-39.29,0.32411388
-39.3,0.3240918
-39.31,0.32406968
-39.32,0.3240476
-39.33,0.32402557
-39.339999999999996,0.32400352
-39.35,0.32398146
-39.36,0.3239594
-39.37,0.32393736
-39.379999999999995,0.32391527
-39.39,0.32389325
-39.4,0.32387123
-39.41,0.32384926
-39.42,0.32382715
-39.43,0.32380515
-39.44,0.32378316
-39.449999999999996,0.32376114
-39.46,0.32373917
-39.47,0.32371715
-39.48,0.32369518
-39.49,0.32367313
-39.5,0.32365116
-39.51,0.32362917
-39.519999999999996,0.32360724
-39.53,0.32358527
-39.54,0.32356325
-39.55,0.3235413
-39.56,0.3235194
-39.57,0.3234974
-39.58,0.32347548
-39.589999999999996,0.32345355
-39.6,0.3234316
-39.61,0.32340968
-39.62,0.32338777
-39.629999999999995,0.32336578
-39.64,0.32334384
-39.65,0.3233219
-39.66,0.3233
-39.67,0.32327813
-39.68,0.32325622
-39.69,0.32323432
-39.699999999999996,0.32321244
-39.71,0.3231905
-39.72,0.32316864
-39.73,0.32314682
-39.74,0.32312492
-39.75,0.323103
-39.76,0.32308117
-39.769999999999996,0.3230593
-39.78,0.3230374
-39.79,0.3230155
-39.8,0.32299376
-39.81,0.32297182
-39.82,0.32295
-39.83,0.32292822
-39.839999999999996,0.32290632
-39.85,0.32288453
-39.86,0.3228627
-39.87,0.32284093
-39.879999999999995,0.32281908
-39.89,0.3227973
-39.9,0.32277548
-39.91,0.32275367
-39.92,0.32273188
-39.93,0.3227101
-39.94,0.32268828
-39.949999999999996,0.32266653
-39.96,0.3226447
-39.97,0.32262295
-39.98,0.3226012
-39.99,0.32257947
-40.0,0.32255775
-40.01,0.32253593
-40.019999999999996,0.32251418
-40.03,0.32249245
-40.04,0.32247072
-40.05,0.32244897
-40.06,0.3224272
-40.07,0.32240555
-40.08,0.3223838
-40.089999999999996,0.3223621
-40.1,0.32234037
-40.11,0.32231867
-40.12,0.32229695
-40.129999999999995,0.3222753
-40.14,0.32225353
-40.15,0.32223186
-40.16,0.3222102
-40.17,0.32218856
-40.18,0.32216683
-40.19,0.3221452
-40.199999999999996,0.32212353
-40.21,0.32210186
-40.22,0.32208014
-40.23,0.32205847
-40.24,0.32203686
-40.25,0.32201523
-40.26,0.32199356
-40.269999999999996,0.32197195
-40.28,0.32195026
-40.29,0.32192865
-40.3,0.32190704
-40.31,0.32188547
-40.32,0.32186383
-40.33,0.3218422
-40.339999999999996,0.32182065
-40.35,0.32179904
-40.36,0.32177737
-40.37,0.32175586
-40.379999999999995,0.32173422
-40.39,0.32171258
-40.4,0.3216911
-40.41,0.3216694
-40.42,0.32164794
-40.43,0.32162637
-40.44,0.3216048
-40.449999999999996,0.3215832
-40.46,0.32156166
-40.47,0.3215401
-40.48,0.3215186
-40.49,0.32149708
-40.5,0.3214755
-40.51,0.32145405
-40.519999999999996,0.3214325
-40.53,0.32141095
-40.54,0.32138944
-40.55,0.32136798
-40.56,0.32134643
-40.57,0.32132494
-40.58,0.32130346
-40.589999999999996,0.32128197
-40.6,0.32126045
-40.61,0.32123896
-40.62,0.32121748
-40.629999999999995,0.32119602
-40.64,0.3211746
-40.65,0.32115307
-40.66,0.3211316
-40.67,0.32111022
-40.68,0.32108873
-40.69,0.32106724
-40.699999999999996,0.32104582
-40.71,0.3210244
-40.72,0.3210029
-40.73,0.3209815
-40.74,0.32096004
-40.75,0.32093865
-40.76,0.32091728
-40.769999999999996,0.32089582
-40.78,0.3208744
-40.79,0.320853
-40.8,0.3208316
-40.81,0.3208102
-40.82,0.32078883
-40.83,0.3207674
-40.839999999999996,0.320746
-40.85,0.3207247
-40.86,0.3207033
-40.87,0.32068193
-40.879999999999995,0.3206606
-40.89,0.3206392
-40.9,0.32061785
-40.91,0.32059655
-40.92,0.32057515
-40.93,0.3205538
-40.94,0.3205325
-40.949999999999996,0.32051116
-40.96,0.32048985
-40.97,0.32046854
-40.98,0.32044715
-40.99,0.3204259
-41.0,0.3204046
-41.01,0.3203833
-41.019999999999996,0.320362
-41.03,0.32034072
-41.04,0.3203194
-41.05,0.3202981
-41.06,0.3202768
-41.07,0.32025552
-41.08,0.3202343
-41.089999999999996,0.32021293
-41.1,0.3201917
-41.11,0.32017046
-41.12,0.32014918
-41.129999999999995,0.32012793
-41.14,0.32010671
-41.15,0.32008553
-41.16,0.32006422
-41.17,0.32004297
-41.18,0.32002175
-41.19,0.32000056
-41.199999999999996,0.3199793
-41.21,0.31995806
-41.22,0.31993687
-41.23,0.31991568
-41.24,0.31989455
-41.25,0.31987327
-41.26,0.3198521
-41.269999999999996,0.3198309
-41.28,0.31980965
-41.29,0.31978852
-41.3,0.31976736
-41.31,0.3197462
-41.32,0.31972504
-41.33,0.31970382
-41.339999999999996,0.3196827
-41.35,0.31966156
-41.36,0.3196404
-41.37,0.31961924
-41.379999999999995,0.31959808
-41.39,0.31957704
-41.4,0.31955582
-41.41,0.31953472
-41.42,0.31951362
-41.43,0.3194925
-41.44,0.31947133
-41.449999999999996,0.31945026
-41.46,0.31942913
-41.47,0.31940806
-41.48,0.31938696
-41.49,0.3193658
-41.5,0.3193448
-41.51,0.3193237
-41.519999999999996,0.3193026
-41.53,0.31928152
-41.54,0.31926048
-41.55,0.3192394
-41.56,0.31921834
-41.57,0.31919727
-41.58,0.31917617
-41.589999999999996,0.31915516
-41.6,0.31913418
-41.61,0.31911305
-41.62,0.319092
-41.629999999999995,0.31907102
-41.64,0.31905
-41.65,0.31902894
-41.66,0.319008
-41.67,0.31898695
-41.68,0.3189659
-41.69,0.3189449
-41.699999999999996,0.31892395
-41.71,0.31890297
-41.72,0.31888193
-41.73,0.31886095
-41.74,0.31883997
-41.75,0.31881896
-41.76,0.31879807
-41.769999999999996,0.318777
-41.78,0.3187561
-41.79,0.31873512
-41.8,0.31871417
-41.81,0.31869316
-41.82,0.31867224
-41.83,0.31865132
-41.839999999999996,0.3186304
-41.85,0.31860948
-41.86,0.31858855
-41.87,0.31856763
-41.879999999999995,0.31854668
-41.89,0.31852573
-41.9,0.31850487
-41.91,0.31848395
-41.92,0.3184631
-41.93,0.31844214
-41.94,0.31842124
-41.949999999999996,0.31840032
-41.96,0.3183795
-41.97,0.3183586
-41.98,0.3183377
-41.99,0.31831685
-42.0,0.31829596
-42.01,0.31827512
-42.019999999999996,0.31825417
-42.03,0.31823334
-42.04,0.31821248
-42.05,0.31819165
-42.06,0.31817082
-42.07,0.31815
-42.08,0.31812918
-42.089999999999996,0.3181083
-42.1,0.31808752
-42.11,0.3180667
-42.12,0.31804588
-42.129999999999995,0.31802508
-42.14,0.3180043
-42.15,0.31798345
-42.16,0.31796265
-42.17,0.31794184
-42.18,0.31792107
-42.19,0.3179003
-42.199999999999996,0.31787956
-42.21,0.3178587
-42.22,0.31783792
-42.23,0.31781715
-42.24,0.31779647
-42.25,0.3177757
-42.26,0.31775492
-42.269999999999996,0.31773412
-42.28,0.3177134
-42.29,0.31769267
-42.3,0.31767195
-42.31,0.3176512
-42.32,0.31763047
-42.33,0.3176098
-42.339999999999996,0.31758904
-42.35,0.31756836
-42.36,0.31754765
-42.37,0.31752688
-42.379999999999995,0.3175062
-42.39,0.31748545
-42.4,0.31746477
-42.41,0.31744412
-42.42,0.31742343
-42.43,0.31740278
-42.44,0.31738204
-42.449999999999996,0.31736135
-42.46,0.31734076
-42.47,0.31732008
-42.48,0.31729943
-42.49,0.3172788
-42.5,0.3172581
-42.51,0.31723747
-42.519999999999996,0.31721687
-42.53,0.3171962
-42.54,0.31717557
-42.55,0.31715497
-42.56,0.3171343
-42.57,0.31711364
-42.58,0.31709313
-42.589999999999996,0.31707242
-42.6,0.31705183
-42.61,0.31703126
-42.62,0.31701067
-42.629999999999995,0.31699002
-42.64,0.31696942
-42.65,0.31694886
-42.66,0.31692833
-42.67,0.3169077
-42.68,0.31688714
-42.69,0.31686658
-42.699999999999996,0.31684598
-42.71,0.31682545
-42.72,0.3168049
-42.73,0.31678438
-42.74,0.31676376
-42.75,0.31674328
-42.76,0.31672272
-42.769999999999996,0.31670216
-42.78,0.31668165
-42.79,0.31666115
-42.8,0.31664062
-42.81,0.31662008
-42.82,0.3165996
-42.83,0.3165791
-42.839999999999996,0.31655857
-42.85,0.3165381
-42.86,0.3165176
-42.87,0.31649715
-42.879999999999995,0.3164766
-42.89,0.31645614
-42.9,0.31643564
-42.91,0.3164152
-42.92,0.3163947
-42.93,0.3163742
-42.94,0.31635377
-42.949999999999996,0.31633332
-42.96,0.31631285
-42.97,0.3162924
-42.98,0.316272
-42.99,0.31625158
-43.0,0.31623113
-43.01,0.3162107
-43.019999999999996,0.31619024
-43.03,0.31616986
-43.04,0.31614947
-43.05,0.31612897
-43.06,0.31610858
-43.07,0.3160882
-43.08,0.31606776
-43.089999999999996,0.3160474
-43.1,0.31602705
-43.11,0.31600654
-43.12,0.31598625
-43.129999999999995,0.31596583
-43.14,0.31594545
-43.15,0.3159251
-43.16,0.31590474
-43.17,0.31588432
-43.18,0.315864
-43.19,0.31584364
-43.199999999999996,0.31582332
-43.21,0.31580296
-43.22,0.3157826
-43.23,0.31576234
-43.24,0.31574193
-43.25,0.3157216
-43.26,0.31570137
-43.269999999999996,0.31568098
-43.28,0.31566063
-43.29,0.31564033
-43.3,0.3156201
-43.31,0.3155998
-43.32,0.31557947
-43.33,0.31555918
-43.339999999999996,0.31553882
-43.35,0.31551862
-43.36,0.31549835
-43.37,0.31547797
-43.379999999999995,0.31545776
-43.39,0.3154375
-43.4,0.31541723
-43.41,0.31539696
-43.42,0.3153767
-43.43,0.3153565
-43.44,0.31533623
-43.449999999999996,0.31531608
-43.46,0.31529576
-43.47,0.3152755
-43.48,0.31525528
-43.49,0.3152351
-43.5,0.31521484
-43.51,0.31519467
-43.519999999999996,0.31517446
-43.53,0.31515422
-43.54,0.315134
-43.55,0.31511378
-43.56,0.31509364
-43.57,0.31507346
-43.58,0.31505325
-43.589999999999996,0.31503302
-43.6,0.31501293
-43.61,0.31499273
-43.62,0.31497252
-43.629999999999995,0.3149524
-43.64,0.31493223
-43.65,0.31491205
-43.66,0.31489193
-43.67,0.31487176
-43.68,0.31485164
-43.69,0.31483144
-43.699999999999996,0.31481138
-43.71,0.31479123
-43.72,0.3147711
-43.73,0.31475094
-43.74,0.31473088
-43.75,0.31471074
-43.76,0.31469065
-43.769999999999996,0.31467047
-43.78,0.31465042
-43.79,0.31463033
-43.8,0.31461024
-43.81,0.31459013
-43.82,0.31457004
-43.83,0.31454995
-43.839999999999996,0.3145299
-43.85,0.31450978
-43.86,0.31448972
-43.87,0.3144697
-43.879999999999995,0.3144496
-43.89,0.31442955
-43.9,0.3144095
-43.91,0.31438947
-43.92,0.31436944
-43.93,0.3143494
-43.94,0.3143294
-43.949999999999996,0.31430933
-43.96,0.31428933
-43.97,0.3142693
-43.98,0.3142493
-43.99,0.31422925
-44.0,0.31420922
-44.01,0.31418926
-44.019999999999996,0.31416923
-44.03,0.31414926
-44.04,0.3141293
-44.05,0.3141093
-44.06,0.3140893
-44.07,0.31406927
-44.08,0.31404933
-44.089999999999996,0.31402937
-44.1,0.31400943
-44.11,0.31398943
-44.12,0.3139695
-44.129999999999995,0.31394953
-44.14,0.3139296
-44.15,0.31390965
-44.16,0.31388968
-44.17,0.31386977
-44.18,0.31384987
-44.19,0.31382993
-44.199999999999996,0.3138099
-44.21,0.31379008
-44.22,0.31377012
-44.23,0.31375024
-44.24,0.31373033
-44.25,0.3137104
-44.26,0.31369054
-44.269999999999996,0.31367064
-44.28,0.31365076
-44.29,0.31363082
-44.3,0.31361094
-44.31,0.3135911
-44.32,0.3135712
-44.33,0.31355134
-44.339999999999996,0.31353152
-44.35,0.31351167
-44.36,0.3134918
-44.37,0.3134719
-44.379999999999995,0.31345206
-44.39,0.31343225
-44.4,0.31341237
-44.41,0.31339252
-44.42,0.31337267
-44.43,0.31335285
-44.44,0.31333303
-44.449999999999996,0.31331322
-44.46,0.3132934
-44.47,0.31327355
-44.48,0.31325376
-44.49,0.31323403
-44.5,0.31321418
-44.51,0.3131944
-44.519999999999996,0.3131746
-44.53,0.3131548
-44.54,0.31313503
-44.55,0.31311527
-44.56,0.31309554
-44.57,0.31307578
-44.58,0.31305593
-44.589999999999996,0.31303623
-44.6,0.3130164
-44.61,0.3129967
-44.62,0.3129769
-44.629999999999995,0.3129572
-44.64,0.31293744
-44.65,0.31291774
-44.66,0.31289798
-44.67,0.31287825
-44.68,0.3128585
-44.69,0.3128388
-44.699999999999996,0.31281912
-44.71,0.3127994
-44.72,0.3127797
-44.73,0.31275997
-44.74,0.31274024
-44.75,0.31272057
-44.76,0.31270093
-44.769999999999996,0.3126812
-44.78,0.31266153
-44.79,0.3126419
-44.8,0.31262207
-44.81,0.31260252
-44.82,0.31258285
-44.83,0.31256315
-44.839999999999996,0.3125435
-44.85,0.3125239
-44.86,0.31250426
-44.87,0.31248456
-44.879999999999995,0.31246498
-44.89,0.3124453
-44.9,0.31242567
-44.91,0.3124061
-44.92,0.31238642
-44.93,0.31236678
-44.94,0.3123471
-44.949999999999996,0.31232756
-44.96,0.31230795
-44.97,0.3122884
-44.98,0.3122688
-44.99,0.31224912
-45.0,0.31222957
-45.01,0.31220996
-45.019999999999996,0.3121904
-45.03,0.31217077
-45.04,0.3121512
-45.05,0.31213167
-45.06,0.3121121
-45.07,0.31209257
-45.08,0.31207302
-45.089999999999996,0.3120534
-45.1,0.31203395
-45.11,0.31201428
-45.12,0.31199476
-45.129999999999995,0.3119753
-45.14,0.31195572
-45.15,0.31193623
-45.16,0.31191674
-45.17,0.31189716
-45.18,0.31187764
-45.19,0.3118581
-45.199999999999996,0.3118387
-45.21,0.31181914
-45.22,0.31179965
-45.23,0.31178012
-45.24,0.31176063
-45.25,0.31174114
-45.26,0.3117217
-45.269999999999996,0.31170222
-45.28,0.31168273
-45.29,0.31166327
-45.3,0.3116438
-45.31,0.3116243
-45.32,0.31160492
-45.33,0.3115854
-45.339999999999996,0.311566
-45.35,0.31154647
-45.36,0.31152707
-45.37,0.31150764
-45.379999999999995,0.31148818
-45.39,0.31146875
-45.4,0.31144938
-45.41,0.31142998
-45.42,0.31141052
-45.43,0.31139114
-45.44,0.31137174
-45.449999999999996,0.3113523
-45.46,0.31133288
-45.47,0.31131348
-45.48,0.31129405
-45.49,0.31127474
-45.5,0.3112553
-45.51,0.31123593
-45.519999999999996,0.31121656
-45.53,0.31119716
-45.54,0.31117782
-45.55,0.3111584
-45.56,0.31113905
-45.57,0.31111977
-45.58,0.31110033
-45.589999999999996,0.311081
-45.6,0.31106174
-45.61,0.31104237
-45.62,0.31102303
-45.629999999999995,0.31100363
-45.64,0.31098434
-45.65,0.31096503
-45.66,0.3109457
-45.67,0.31092644
-45.68,0.31090716
-45.69,0.3108878
-45.699999999999996,0.31086853
-45.71,0.31084913
-45.72,0.3108299
-45.73,0.31081054
-45.74,0.31079128
-45.75,0.310772
-45.76,0.31075275
-45.769999999999996,0.3107335
-45.78,0.31071422
-45.79,0.3106949
-45.8,0.31067562
-45.81,0.3106564
-45.82,0.31063718
-45.83,0.31061783
-45.839999999999996,0.31059867
-45.85,0.3105794
-45.86,0.3105602
-45.87,0.3105409
-45.879999999999995,0.31052175
-45.89,0.31050247
-45.9,0.31048334
-45.91,0.31046405
-45.92,0.3104448
-45.93,0.3104256
-45.94,0.31040642
-45.949999999999996,0.31038728
-45.96,0.31036803
-45.97,0.31034887
-45.98,0.31032965
-45.99,0.31031048
-46.0,0.3102913
-46.01,0.3102721
-46.019999999999996,0.31025296
-46.03,0.3102338
-46.04,0.31021464
-46.05,0.31019548
-46.06,0.31017634
-46.07,0.3101571
-46.08,0.310138
-46.089999999999996,0.31011882
-46.1,0.3100997
-46.11,0.31008053
-46.12,0.31006145
-46.129999999999995,0.31004232
-46.14,0.3100232
-46.15,0.31000406
-46.16,0.30998498
-46.17,0.30996588
-46.18,0.30994678
-46.19,0.3099277
-46.199999999999996,0.3099085
-46.21,0.30988938
-46.22,0.3098703
-46.23,0.3098513
-46.24,0.30983213
-46.25,0.30981308
-46.26,0.309794
-46.269999999999996,0.3097749
-46.28,0.30975583
-46.29,0.3097368
-46.3,0.30971768
-46.31,0.30969873
-46.32,0.3096797
-46.33,0.30966058
-46.339999999999996,0.30964154
-46.35,0.3096225
-46.36,0.30960345
-46.37,0.30958444
-46.379999999999995,0.30956537
-46.39,0.30954644
-46.4,0.30952734
-46.41,0.30950838
-46.42,0.30948934
-46.43,0.30947027
-46.44,0.30945137
-46.449999999999996,0.3094323
-46.46,0.30941337
-46.47,0.3093943
-46.48,0.30937532
-46.49,0.30935636
-46.5,0.30933738
-46.51,0.30931848
-46.519999999999996,0.30929944
-46.53,0.30928043
-46.54,0.3092615
-46.55,0.30924255
-46.56,0.3092236
-46.57,0.30920467
-46.58,0.30918568
-46.589999999999996,0.30916676
-46.6,0.30914772
-46.61,0.3091289
-46.62,0.30910993
-46.629999999999995,0.309091
-46.64,0.30907208
-46.65,0.30905318
-46.66,0.30903426
-46.67,0.30901533
-46.68,0.3089965
-46.69,0.30897757
-46.699999999999996,0.30895862
-46.71,0.30893973
-46.72,0.30892083
-46.73,0.30890194
-46.74,0.30888307
-46.75,0.30886418
-46.76,0.30884534
-46.769999999999996,0.30882645
-46.78,0.30880758
-46.79,0.30878875
-46.8,0.30876985
-46.81,0.30875096
-46.82,0.30873218
-46.83,0.30871335
-46.839999999999996,0.30869445
-46.85,0.30867562
-46.86,0.3086568
-46.87,0.30863792
-46.879999999999995,0.30861908
-46.89,0.30860034
-46.9,0.3085815
-46.91,0.3085627
-46.92,0.3085439
-46.93,0.30852503
-46.94,0.30850625
-46.949999999999996,0.3084875
-46.96,0.30846864
-46.97,0.30844986
-46.98,0.30843106
-46.99,0.30841228
-47.0,0.30839348
-47.01,0.3083747
-47.019999999999996,0.30835596
-47.03,0.30833718
-47.04,0.3083184
-47.05,0.30829963
-47.06,0.30828094
-47.07,0.30826217
-47.08,0.30824342
-47.089999999999996,0.30822465
-47.1,0.3082059
-47.11,0.30818725
-47.12,0.3081684
-47.129999999999995,0.30814976
-47.14,0.308131
-47.15,0.3081123
-47.16,0.3080936
-47.17,0.30807486
-47.18,0.3080562
-47.19,0.3080374
-47.199999999999996,0.30801874
-47.21,0.3080001
-47.22,0.3079813
-47.23,0.3079627
-47.24,0.307944
-47.25,0.30792537
-47.26,0.3079066
-47.269999999999996,0.30788797
-47.28,0.3078693
-47.29,0.3078506
-47.3,0.307832
-47.31,0.30781335
-47.32,0.3077946
-47.33,0.30777597
-47.339999999999996,0.30775735
-47.35,0.30773872
-47.36,0.30772007
-47.37,0.30770144
-47.379999999999995,0.3076828
-47.39,0.3076642
-47.4,0.30764556
-47.41,0.3076269
-47.42,0.30760834
-47.43,0.30758977
-47.44,0.3075711
-47.449999999999996,0.30755252
-47.46,0.30753398
-47.47,0.30751535
-47.48,0.30749676
-47.49,0.30747813
-47.5,0.3074596
-47.51,0.307441
-47.519999999999996,0.30742246
-47.53,0.3074039
-47.54,0.30738533
-47.55,0.30736667
-47.56,0.30734813
-47.57,0.3073296
-47.58,0.30731106
-47.589999999999996,0.3072925
-47.6,0.30727398
-47.61,0.30725545
-47.62,0.30723688
-47.629999999999995,0.3072183
-47.64,0.30719984
-47.65,0.30718133
-47.66,0.30716276
-47.67,0.30714425
-47.68,0.30712575
-47.69,0.30710724
-47.699999999999996,0.30708873
-47.71,0.30707026
-47.72,0.30705172
-47.73,0.30703324
-47.74,0.30701482
-47.75,0.30699626
-47.76,0.30697775
-47.769999999999996,0.3069593
-47.78,0.30694082
-47.79,0.30692244
-47.8,0.3069039
-47.81,0.30688542
-47.82,0.306867
-47.83,0.3068485
-47.839999999999996,0.30683008
-47.85,0.30681166
-47.86,0.3067932
-47.87,0.30677474
-47.88,0.30675635
-47.89,0.3067379
-47.9,0.30671948
-47.91,0.30670103
-47.92,0.30668265
-47.93,0.30666423
-47.94,0.3066458
-47.949999999999996,0.3066274
-47.96,0.306609
-47.97,0.30659062
-47.98,0.30657217
-47.99,0.30655378
-48.0,0.30653542
-48.01,0.30651703
-48.019999999999996,0.30649865
-48.03,0.30648032
-48.04,0.3064619
-48.05,0.3064435
-48.06,0.30642518
-48.07,0.3064069
-48.08,0.3063885
-48.089999999999996,0.3063701
-48.1,0.30635175
-48.11,0.30633345
-48.12,0.30631506
-48.13,0.30629677
-48.14,0.3062784
-48.15,0.3062601
-48.16,0.30624175
-48.17,0.30622345
-48.18,0.30620515
-48.19,0.30618677
-48.199999999999996,0.3061685
-48.21,0.30615026
-48.22,0.30613193
-48.23,0.30611357
-48.24,0.3060953
-48.25,0.30607703
-48.26,0.3060587
-48.269999999999996,0.3060404
-48.28,0.30602217
-48.29,0.30600393
-48.3,0.30598563
-48.31,0.30596742
-48.32,0.30594912
-48.33,0.30593085
-48.339999999999996,0.30591252
-48.35,0.30589437
-48.36,0.30587608
-48.37,0.30585784
-48.38,0.3058396
-48.39,0.30582142
-48.4,0.30580315
-48.41,0.3057849
-48.42,0.3057667
-48.43,0.30574843
-48.44,0.30573022
-48.449999999999996,0.30571195
-48.46,0.30569384
-48.47,0.3056756
-48.48,0.30565736
-48.49,0.3056392
-48.5,0.30562103
-48.51,0.30560282
-48.519999999999996,0.3055846
-48.53,0.30556643
-48.54,0.30554828
-48.55,0.30553007
-48.56,0.3055119
-48.57,0.30549374
-48.58,0.3054756
-48.589999999999996,0.30545747
-48.6,0.30543923
-48.61,0.30542114
-48.62,0.305403
-48.63,0.30538484
-48.64,0.3053667
-48.65,0.30534858
-48.66,0.30533037
-48.67,0.30531225
-48.68,0.30529416
-48.69,0.30527604
-48.699999999999996,0.30525792
-48.71,0.3052398
-48.72,0.30522174
-48.73,0.3052036
-48.74,0.3051854
-48.75,0.3051674
-48.76,0.30514932
-48.769999999999996,0.30513117
-48.78,0.3051131
-48.79,0.30509505
-48.8,0.30507696
-48.81,0.30505884
-48.82,0.3050408
-48.83,0.30502275
-48.839999999999996,0.30500472
-48.85,0.3049866
-48.86,0.3049686
-48.87,0.30495054
-48.88,0.30493245
-48.89,0.30491436
-48.9,0.30489635
-48.91,0.3048783
-48.92,0.30486023
-48.93,0.3048423
-48.94,0.3048243
-48.949999999999996,0.3048062
-48.96,0.30478823
-48.97,0.3047701
-48.98,0.30475223
-48.99,0.3047342
-49.0,0.30471614
-49.01,0.30469817
-49.019999999999996,0.30468017
-49.03,0.30466217
-49.04,0.30464423
-49.05,0.30462623
-49.06,0.30460823
-49.07,0.3045903
-49.08,0.30457225
-49.089999999999996,0.30455428
-49.1,0.30453637
-49.11,0.30451837
-49.12,0.30450043
-49.13,0.30448252
-49.14,0.30446452
-49.15,0.30444652
-49.16,0.30442858
-49.17,0.3044107
-49.18,0.30439276
-49.19,0.3043748
-49.199999999999996,0.30435687
-49.21,0.30433902
-49.22,0.304321
-49.23,0.30430314
-49.24,0.3042852
-49.25,0.3042673
-49.26,0.30424938
-49.269999999999996,0.30423152
-49.28,0.30421367
-49.29,0.3041957
-49.3,0.30417782
-49.31,0.30415994
-49.32,0.304142
-49.33,0.30412415
-49.339999999999996,0.30410632
-49.35,0.30408847
-49.36,0.30407053
-49.37,0.30405268
-49.38,0.3040349
-49.39,0.30401695
-49.4,0.30399913
-49.41,0.3039813
-49.42,0.30396348
-49.43,0.30394557
-49.44,0.30392778
-49.449999999999996,0.30390996
-49.46,0.30389208
-49.47,0.30387425
-49.48,0.3038564
-49.49,0.30383864
-49.5,0.30382082
-49.51,0.303803
-49.519999999999996,0.30378515
-49.53,0.3037674
-49.54,0.30374956
-49.55,0.3037318
-49.56,0.30371404
-49.57,0.30369624
-49.58,0.30367842
-49.589999999999996,0.30366063
-49.6,0.30364284
-49.61,0.3036251
-49.62,0.30360737
-49.63,0.30358955
-49.64,0.30357176
-49.65,0.30355412
-49.66,0.30353633
-49.67,0.3035186
-49.68,0.3035008
-49.69,0.30348307
-49.699999999999996,0.3034653
-49.71,0.3034476
-49.72,0.30342984
-49.73,0.30341208
-49.74,0.30339438
-49.75,0.30337662
-49.76,0.30335897
-49.769999999999996,0.30334127
-49.78,0.30332354
-49.79,0.3033058
-49.8,0.30328816
-49.81,0.30327046
-49.82,0.30325273
-49.83,0.30323502
-49.839999999999996,0.30321738
-49.85,0.30319968
-49.86,0.30318198
-49.87,0.3031643
-49.88,0.30314663
-49.89,0.30312896
-49.9,0.3031113
-49.91,0.30309367
-49.92,0.30307603
-49.93,0.30305836
-49.94,0.3030407
-49.949999999999996,0.303023
-49.96,0.30300546
-49.97,0.3029878
-49.98,0.30297017
-49.99,0.30295247
-50.0,0.30293486
-50.01,0.30291724
-50.019999999999996,0.30289966
-50.03,0.30288205
-50.04,0.30286446
-50.05,0.30284676
-50.06,0.3028292
-50.07,0.30281162
-50.08,0.30279398
-50.089999999999996,0.30277634
-50.1,0.3027588
-50.11,0.3027412
-50.12,0.3027236
-50.13,0.302706
-50.14,0.30268845
-50.15,0.3026709
-50.16,0.3026533
-50.17,0.30263573
-50.18,0.3026182
-50.19,0.3026006
-50.199999999999996,0.30258304
-50.21,0.30256552
-50.22,0.30254802
-50.23,0.30253044
-50.24,0.3025129
-50.25,0.3024954
-50.26,0.30247784
-50.269999999999996,0.30246025
-50.28,0.30244282
-50.29,0.30242527
-50.3,0.3024078
-50.31,0.30239028
-50.32,0.30237275
-50.33,0.30235526
-50.339999999999996,0.30233774
-50.35,0.3023202
-50.36,0.30230272
-50.37,0.30228525
-50.38,0.30226773
-50.39,0.30225027
-50.4,0.3022328
-50.41,0.3022153
-50.42,0.30219787
-50.43,0.30218038
-50.44,0.3021629
-50.449999999999996,0.30214545
-50.46,0.30212802
-50.47,0.30211055
-50.48,0.30209303
-50.49,0.30207562
-50.5,0.30205816
-50.51,0.30204076
-50.519999999999996,0.30202335
-50.53,0.3020059
-50.54,0.30198842
-50.55,0.30197102
-50.56,0.30195358
-50.57,0.30193618
-50.58,0.30191875
-50.589999999999996,0.30190137
-50.6,0.30188394
-50.61,0.30186653
-50.62,0.30184913
-50.63,0.30183175
-50.64,0.30181435
-50.65,0.30179697
-50.66,0.3017796
-50.67,0.30176225
-50.68,0.30174485
-50.69,0.30172744
-50.699999999999996,0.30171007
-50.71,0.30169275
-50.72,0.30167535
-50.73,0.30165797
-50.74,0.3016407
-50.75,0.3016233
-50.76,0.3016059
-50.769999999999996,0.30158854
-50.78,0.30157125
-50.79,0.30155396
-50.8,0.30153662
-50.81,0.30151927
-50.82,0.30150196
-50.83,0.3014846
-50.839999999999996,0.3014673
-50.85,0.30144998
-50.86,0.30143267
-50.87,0.30141538
-50.88,0.30139798
-50.89,0.30138075
-50.9,0.30136347
-50.91,0.30134618
-50.92,0.30132887
-50.93,0.30131158
-50.94,0.30129427
-50.949999999999996,0.30127704
-50.96,0.30125973
-50.97,0.30124247
-50.98,0.30122522
-50.99,0.3012079
-51.0,0.30119067
-51.01,0.30117342
-51.019999999999996,0.30115616
-51.03,0.3011389
-51.04,0.3011217
-51.05,0.30110443
-51.06,0.30108717
-51.07,0.30106995
-51.08,0.30105272
-51.089999999999996,0.30103555
-51.1,0.30101827
-51.11,0.30100107
-51.12,0.30098385
-51.13,0.30096662
-51.14,0.30094942
-51.15,0.3009322
-51.16,0.30091497
-51.17,0.30089784
-51.18,0.3008806
-51.19,0.3008634
-51.199999999999996,0.3008462
-51.21,0.30082908
-51.22,0.30081186
-51.23,0.30079466
-51.24,0.30077752
-51.25,0.3007604
-51.26,0.30074316
-51.269999999999996,0.300726
-51.28,0.30070883
-51.29,0.30069175
-51.3,0.30067447
-51.31,0.30065736
-51.32,0.30064023
-51.33,0.30062315
-51.339999999999996,0.30060598
-51.35,0.30058882
-51.36,0.30057168
-51.37,0.3005545
-51.38,0.3005374
-51.39,0.30052036
-51.4,0.30050322
-51.41,0.30048606
-51.42,0.30046898
-51.43,0.30045187
-51.44,0.30043483
-51.449999999999996,0.30041766
-51.46,0.30040053
-51.47,0.3003835
-51.48,0.30036637
-51.49,0.3003493
-51.5,0.30033222
-51.51,0.30031517
-51.519999999999996,0.3002981
-51.53,0.300281
-51.54,0.30026394
-51.55,0.30024686
-51.56,0.30022982
-51.57,0.30021277
-51.58,0.3001957
-51.589999999999996,0.30017865
-51.6,0.30016163
-51.61,0.30014458
-51.62,0.30012757
-51.63,0.30011052
-51.64,0.30009347
-51.65,0.30007648
-51.66,0.3000594
-51.67,0.30004242
-51.68,0.3000254
-51.69,0.30000836
-51.699999999999996,0.29999137
-51.71,0.29997438
-51.72,0.2999574
-51.73,0.29994035
-51.74,0.29992333
-51.75,0.29990643
-51.76,0.29988945
-51.769999999999996,0.29987243
-51.78,0.29985547
-51.79,0.29983845
-51.8,0.2998215
-51.81,0.29980448
-51.82,0.29978758
-51.83,0.29977053
-51.839999999999996,0.29975364
-51.85,0.29973662
-51.86,0.2997197
-51.87,0.2997028
-51.88,0.29968578
-51.89,0.29966888
-51.9,0.29965198
-51.91,0.29963502
-51.92,0.29961807
-51.93,0.2996012
-51.94,0.29958424
-51.949999999999996,0.2995673
-51.96,0.29955032
-51.97,0.29953346
-51.98,0.2995166
-51.99,0.29949966
-52.0,0.29948276
-52.01,0.29946586
-52.019999999999996,0.29944897
-52.03,0.29943213
-52.04,0.2994152
-52.05,0.29939836
-52.06,0.29938146
-52.07,0.29936454
-52.08,0.29934764
-52.089999999999996,0.29933083
-52.1,0.29931393
-52.11,0.2992971
-52.12,0.2992802
-52.13,0.29926336
-52.14,0.29924652
-52.15,0.29922968
-52.16,0.2992128
-52.17,0.299196
-52.18,0.2991791
-52.19,0.29916233
-52.199999999999996,0.2991455
-52.21,0.29912862
-52.22,0.29911184
-52.23,0.29909503
-52.24,0.2990782
-52.25,0.29906136
-52.26,0.29904455
-52.269999999999996,0.29902777
-52.28,0.29901093
-52.29,0.29899412
-52.3,0.29897735
-52.31,0.29896054
-52.32,0.29894373
-52.33,0.298927
-52.339999999999996,0.29891017
-52.35,0.29889342
-52.36,0.29887658
-52.37,0.2988598
-52.38,0.2988431
-52.39,0.2988263
-52.4,0.29880953
-52.41,0.29879284
-52.42,0.2987761
-52.43,0.29875928
-52.44,0.29874247
-52.449999999999996,0.2987258
-52.46,0.2987091
-52.47,0.2986923
-52.48,0.29867563
-52.49,0.2986589
-52.5,0.29864213
-52.51,0.29862538
-52.519999999999996,0.29860872
-52.53,0.29859203
-52.54,0.29857528
-52.55,0.29855856
-52.56,0.29854184
-52.57,0.29852515
-52.58,0.2985084
-52.589999999999996,0.29849172
-52.6,0.29847503
-52.61,0.29845837
-52.62,0.29844168
-52.63,0.29842496
-52.64,0.2984083
-52.65,0.2983916
-52.66,0.29837498
-52.67,0.2983583
-52.68,0.29834163
-52.69,0.29832503
-52.699999999999996,0.29830828
-52.71,0.29829162
-52.72,0.298275
-52.73,0.2982584
-52.74,0.29824167
-52.75,0.29822505
-52.76,0.29820845
-52.769999999999996,0.29819182
-52.78,0.29817522
-52.79,0.2981586
-52.8,0.2981419
-52.81,0.29812533
-52.82,0.29810873
-52.83,0.29809213
-52.839999999999996,0.2980755
-52.85,0.2980589
-52.86,0.29804227
-52.87,0.29802564
-52.88,0.29800907
-52.89,0.2979925
-52.9,0.29797593
-52.91,0.29795927
-52.92,0.29794276
-52.93,0.2979262
-52.94,0.29790962
-52.949999999999996,0.29789302
-52.96,0.29787648
-52.97,0.2978599
-52.98,0.29784337
-52.99,0.29782683
-53.0,0.29781023
-53.01,0.29779372
-53.019999999999996,0.2977771
-53.03,0.29776058
-53.04,0.29774407
-53.05,0.29772753
-53.06,0.29771098
-53.07,0.29769447
-53.08,0.29767793
-53.089999999999996,0.29766136
-53.1,0.29764485
-53.11,0.2976284
-53.12,0.2976119
-53.13,0.29759532
-53.14,0.29757884
-53.15,0.2975624
-53.16,0.29754585
-53.17,0.2975294
-53.18,0.29751298
-53.19,0.29749644
-53.199999999999996,0.29747993
-53.21,0.29746342
-53.22,0.29744694
-53.23,0.2974305
-53.24,0.297414
-53.25,0.29739758
-53.26,0.2973811
-53.269999999999996,0.29736465
-53.28,0.29734814
-53.29,0.29733166
-53.3,0.29731524
-53.31,0.29729885
-53.32,0.29728234
-53.33,0.29726592
-53.339999999999996,0.29724956
-53.35,0.2972331
-53.36,0.29721662
-53.37,0.29720017
-53.38,0.29718384
-53.39,0.29716742
-53.4,0.29715094
-53.41,0.29713452
-53.42,0.29711816
-53.43,0.29710168
-53.44,0.29708534
-53.449999999999996,0.29706898
-53.46,0.29705256
-53.47,0.2970361
-53.48,0.29701978
-53.49,0.2970034
-53.5,0.29698703
-53.51,0.2969706
-53.519999999999996,0.29695427
-53.53,0.29693785
-53.54,0.2969215
-53.55,0.2969051
-53.56,0.29688877
-53.57,0.2968724
-53.58,0.29685605
-53.589999999999996,0.29683965
-53.6,0.29682335
-53.61,0.29680705
-53.62,0.29679066
-53.63,0.29677436
-53.64,0.29675806
-53.65,0.29674172
-53.66,0.29672533
-53.67,0.29670906
-53.68,0.2966927
-53.69,0.29667646
-53.699999999999996,0.29666007
-53.71,0.2966438
-53.72,0.2966275
-53.73,0.29661122
-53.74,0.2965949
-53.75,0.29657865
-53.76,0.29656234
-53.769999999999996,0.29654598
-53.78,0.2965297
-53.79,0.2965135
-53.8,0.29649717
-53.81,0.29648086
-53.82,0.29646462
-53.83,0.29644832
-53.839999999999996,0.29643208
-53.85,0.2964158
-53.86,0.29639956
-53.87,0.2963833
-53.88,0.29636705
-53.89,0.2963508
-53.9,0.29633462
-53.91,0.29631835
-53.92,0.29630208
-53.93,0.29628587
-53.94,0.2962696
-53.949999999999996,0.29625338
-53.96,0.2962371
-53.97,0.29622096
-53.98,0.29620475
-53.99,0.2961885
-54.0,0.29617226
-54.01,0.2961561
-54.019999999999996,0.29613984
-54.03,0.2961237
-54.04,0.29610744
-54.05,0.29609123
-54.06,0.2960751
-54.07,0.29605892
-54.08,0.29604274
-54.089999999999996,0.29602656
-54.1,0.2960104
-54.11,0.29599425
-54.12,0.29597804
-54.13,0.29596186
-54.14,0.2959457
-54.15,0.29592958
-54.16,0.29591337
-54.17,0.29589725
-54.18,0.29588106
-54.19,0.29586488
-54.199999999999996,0.2958488
-54.21,0.29583266
-54.22,0.29581654
-54.23,0.29580042
-54.24,0.29578424
-54.25,0.29576808
-54.26,0.295752
-54.269999999999996,0.29573584
-54.28,0.29571977
-54.29,0.29570365
-54.3,0.29568756
-54.31,0.29567143
-54.32,0.29565528
-54.33,0.29563922
-54.339999999999996,0.29562312
-54.35,0.295607
-54.36,0.29559088
-54.37,0.29557487
-54.38,0.29555878
-54.39,0.29554272
-54.4,0.2955266
-54.41,0.29551053
-54.42,0.2954944
-54.43,0.2954784
-54.44,0.2954623
-54.449999999999996,0.2954463
-54.46,0.29543024
-54.47,0.29541418
-54.48,0.29539812
-54.49,0.29538208
-54.5,0.29536605
-54.51,0.29535
-54.519999999999996,0.29533392
-54.53,0.2953179
-54.54,0.29530185
-54.55,0.2952859
-54.56,0.29526988
-54.57,0.29525378
-54.58,0.29523778
-54.589999999999996,0.29522184
-54.6,0.29520577
-54.61,0.29518974
-54.62,0.2951738
-54.63,0.29515782
-54.64,0.29514176
-54.65,0.29512575
-54.66,0.29510984
-54.67,0.29509383
-54.68,0.2950778
-54.69,0.29506186
-54.699999999999996,0.29504582
-54.71,0.29502988
-54.72,0.29501396
-54.73,0.29499793
-54.74,0.29498193
-54.75,0.294966
-54.76,0.29495004
-54.769999999999996,0.29493406
-54.78,0.2949182
-54.79,0.29490227
-54.8,0.29488632
-54.81,0.29487032
-54.82,0.2948544
-54.83,0.29483843
-54.839999999999996,0.29482254
-54.85,0.29480657
-54.86,0.29479063
-54.87,0.29477477
-54.88,0.2947588
-54.89,0.2947429
-54.9,0.29472703
-54.91,0.2947111
-54.92,0.29469523
-54.93,0.2946793
-54.94,0.29466337
-54.949999999999996,0.29464749
-54.96,0.29463163
-54.97,0.2946157
-54.98,0.2945998
-54.99,0.29458395
-55.0,0.29456812
-55.01,0.29455227
-55.019999999999996,0.29453635
-55.03,0.29452047
-55.04,0.2945046
-55.05,0.2944888
-55.06,0.2944729
-55.07,0.29445705
-55.08,0.29444122
-55.089999999999996,0.29442537
-55.1,0.29440948
-55.11,0.29439363
-55.12,0.29437786
-55.13,0.29436198
-55.14,0.2943462
-55.15,0.29433033
-55.16,0.29431453
-55.17,0.2942987
-55.18,0.2942829
-55.19,0.294267
-55.199999999999996,0.29425123
-55.21,0.2942354
-55.22,0.29421964
-55.23,0.29420376
-55.24,0.294188
-55.25,0.29417223
-55.26,0.2941565
-55.269999999999996,0.29414064
-55.28,0.29412484
-55.29,0.29410905
-55.3,0.29409328
-55.31,0.29407752
-55.32,0.29406172
-55.33,0.294046
-55.339999999999996,0.29403022
-55.35,0.2940144
-55.36,0.29399866
-55.37,0.29398298
-55.38,0.2939672
-55.39,0.29395142
-55.4,0.2939357
-55.41,0.29391998
-55.42,0.29390424
-55.43,0.29388842
-55.44,0.29387277
-55.449999999999996,0.29385698
-55.46,0.2938413
-55.47,0.29382554
-55.48,0.2938098
-55.49,0.2937941
-55.5,0.29377836
-55.51,0.29376268
-55.519999999999996,0.29374695
-55.53,0.29373127
-55.54,0.29371554
-55.55,0.2936999
-55.56,0.29368407
-55.57,0.2936685
-55.58,0.29365283
-55.589999999999996,0.2936371
-55.6,0.2936214
-55.61,0.29360574
-55.62,0.29359007
-55.63,0.29357442
-55.64,0.29355875
-55.65,0.29354313
-55.66,0.29352742
-55.67,0.2935117
-55.68,0.29349613
-55.69,0.29348043
-55.699999999999996,0.29346484
-55.71,0.29344916
-55.72,0.29343355
-55.73,0.2934178
-55.74,0.29340222
-55.75,0.29338658
-55.76,0.29337102
-55.769999999999996,0.29335535
-55.78,0.2933397
-55.79,0.29332408
-55.8,0.29330847
-55.81,0.29329282
-55.82,0.2932772
-55.83,0.29326168
-55.839999999999996,0.29324606
-55.85,0.2932304
-55.86,0.29321486
-55.87,0.2931993
-55.88,0.29318365
-55.89,0.29316804
-55.9,0.29315245
-55.91,0.29313698
-55.92,0.29312134
-55.93,0.29310575
-55.94,0.29309013
-55.949999999999996,0.2930746
-55.96,0.29305905
-55.97,0.2930435
-55.98,0.2930279
-55.99,0.29301238
-56.0,0.29299685
-56.01,0.29298124
-56.019999999999996,0.29296565
-56.03,0.29295012
-56.04,0.29293463
-56.05,0.2929191
-56.06,0.29290357
-56.07,0.2928881
-56.08,0.29287255
-56.089999999999996,0.292857
-56.1,0.29284146
-56.11,0.29282594
-56.12,0.2928105
-56.13,0.29279497
-56.14,0.29277942
-56.15,0.29276395
-56.16,0.29274842
-56.17,0.29273286
-56.18,0.2927175
-56.19,0.2927019
-56.199999999999996,0.2926865
-56.21,0.2926709
-56.22,0.29265544
-56.23,0.29264
-56.24,0.29262447
-56.25,0.29260907
-56.26,0.29259357
-56.269999999999996,0.29257816
-56.28,0.2925627
-56.29,0.29254714
-56.3,0.29253182
-56.31,0.29251626
-56.32,0.2925008
-56.33,0.2924854
-56.339999999999996,0.29246992
-56.35,0.29245448
-56.36,0.29243904
-56.37,0.2924236
-56.38,0.29240823
-56.39,0.29239282
-56.4,0.29237732
-56.41,0.29236186
-56.42,0.2923465
-56.43,0.29233113
-56.44,0.29231566
-56.449999999999996,0.29230025
-56.46,0.29228488
-56.47,0.29226953
-56.48,0.29225406
-56.49,0.29223862
-56.5,0.2922233
-56.51,0.2922079
-56.519999999999996,0.29219252
-56.53,0.29217708
-56.54,0.2921617
-56.55,0.2921463
-56.56,0.29213098
-56.57,0.29211563
-56.58,0.29210025
-56.589999999999996,0.29208487
-56.6,0.29206958
-56.61,0.29205415
-56.62,0.29203886
-56.63,0.29202345
-56.64,0.29200813
-56.65,0.29199278
-56.66,0.29197744
-56.67,0.2919621
-56.68,0.29194683
-56.69,0.2919314
-56.699999999999996,0.29191607
-56.71,0.29190075
-56.72,0.29188544
-56.73,0.2918701
-56.74,0.2918548
-56.75,0.29183948
-56.76,0.29182416
-56.769999999999996,0.29180884
-56.78,0.29179356
-56.79,0.2917783
-56.8,0.29176295
-56.81,0.29174766
-56.82,0.29173234
-56.83,0.29171708
-56.839999999999996,0.2917018
-56.85,0.29168653
-56.86,0.29167128
-56.87,0.29165593
-56.88,0.29164067
-56.89,0.29162538
-56.9,0.29161012
-56.91,0.29159492
-56.92,0.29157954
-56.93,0.29156438
-56.94,0.29154915
-56.949999999999996,0.29153386
-56.96,0.29151863
-56.97,0.29150337
-56.98,0.2914881
-56.99,0.29147288
-57.0,0.29145762
-57.01,0.29144242
-57.019999999999996,0.2914272
-57.03,0.29141206
-57.04,0.29139677
-57.05,0.29138148
-57.06,0.29136634
-57.07,0.2913511
-57.08,0.29133582
-57.089999999999996,0.29132065
-57.1,0.2913055
-57.11,0.29129025
-57.12,0.2912751
-57.13,0.2912598
-57.14,0.29124466
-57.15,0.29122943
-57.16,0.29121426
-57.17,0.29119915
-57.18,0.29118395
-57.19,0.29116875
-57.199999999999996,0.29115358
-57.21,0.29113838
-57.22,0.29112324
-57.23,0.2911081
-57.24,0.2910929
-57.25,0.29107773
-57.26,0.29106265
-57.269999999999996,0.29104745
-57.28,0.29103228
-57.29,0.2910172
-57.3,0.291002
-57.31,0.29098687
-57.32,0.29097173
-57.33,0.29095662
-57.339999999999996,0.2909415
-57.35,0.2909264
-57.36,0.29091126
-57.37,0.29089612
-57.38,0.290881
-57.39,0.2908659
-57.4,0.29085076
-57.41,0.29083568
-57.42,0.2908206
-57.43,0.29080546
-57.44,0.2907904
-57.449999999999996,0.29077524
-57.46,0.29076022
-57.47,0.29074514
-57.48,0.29073
-57.49,0.29071495
-57.5,0.29069978
-57.51,0.2906848
-57.519999999999996,0.2906697
-57.53,0.29065463
-57.54,0.29063955
-57.55,0.2906245
-57.56,0.29060942
-57.57,0.29059443
-57.58,0.29057932
-57.589999999999996,0.29056424
-57.6,0.29054916
-57.61,0.29053417
-57.62,0.2905191
-57.63,0.29050407
-57.64,0.29048902
-57.65,0.29047397
-57.66,0.290459
-57.67,0.29044396
-57.68,0.29042897
-57.69,0.2904139
-57.699999999999996,0.29039887
-57.71,0.29038393
-57.72,0.2903689
-57.73,0.29035383
-57.74,0.29033884
-57.75,0.29032388
-57.76,0.29030886
-57.769999999999996,0.29029393
-57.78,0.29027894
-57.79,0.2902639
-57.8,0.29024896
-57.81,0.29023388
-57.82,0.2902189
-57.83,0.290204
-57.839999999999996,0.29018897
-57.85,0.29017404
-57.86,0.290159
-57.87,0.2901441
-57.88,0.29012913
-57.89,0.29011422
-57.9,0.29009923
-57.91,0.29008424
-57.92,0.29006928
-57.93,0.29005432
-57.94,0.29003945
-57.949999999999996,0.29002443
-57.96,0.29000947
-57.97,0.28999454
-57.98,0.2899797
-57.99,0.28996465
-58.0,0.28994983
-58.01,0.28993487
-58.019999999999996,0.2899199
-58.03,0.28990507
-58.04,0.2898901
-58.05,0.28987518
-58.06,0.28986028
-58.07,0.28984544
-58.08,0.2898305
-58.089999999999996,0.2898156
-58.1,0.28980067
-58.11,0.2897858
-58.12,0.28977096
-58.13,0.28975606
-58.14,0.28974122
-58.15,0.28972632
-58.16,0.28971142
-58.17,0.28969654
-58.18,0.28968155
-58.19,0.28966686
-58.199999999999996,0.289652
-58.21,0.28963697
-58.22,0.28962222
-58.23,0.28960735
-58.24,0.2895925
-58.25,0.28957763
-58.26,0.2895628
-58.269999999999996,0.289548
-58.28,0.2895331
-58.29,0.28951827
-58.3,0.2895034
-58.31,0.2894886
-58.32,0.28947377
-58.33,0.28945896
-58.339999999999996,0.2894441
-58.35,0.2894293
-58.36,0.28941447
-58.37,0.28939968
-58.38,0.2893849
-58.39,0.28937015
-58.4,0.28935525
-58.41,0.28934047
-58.42,0.28932565
-58.43,0.28931084
-58.44,0.28929606
-58.449999999999996,0.2892813
-58.46,0.2892665
-58.47,0.28925171
-58.48,0.2892369
-58.49,0.28922215
-58.5,0.2892074
-58.51,0.2891926
-58.519999999999996,0.28917786
-58.53,0.28916302
-58.54,0.28914824
-58.55,0.2891335
-58.56,0.2891187
-58.57,0.28910404
-58.58,0.28908926
-58.589999999999996,0.28907457
-58.6,0.28905985
-58.61,0.28904507
-58.62,0.28903025
-58.63,0.28901556
-58.64,0.28900084
-58.65,0.2889861
-58.66,0.28897136
-58.67,0.28895664
-58.68,0.28894195
-58.69,0.28892726
-58.699999999999996,0.28891256
-58.71,0.2888978
-58.72,0.2888831
-58.73,0.28886837
-58.74,0.2888537
-58.75,0.28883898
-58.76,0.28882426
-58.769999999999996,0.28880975
-58.78,0.28879496
-58.79,0.28878024
-58.8,0.28876552
-58.81,0.28875092
-58.82,0.28873622
-58.83,0.2887215
-58.839999999999996,0.2887068
-58.85,0.2886922
-58.86,0.28867754
-58.87,0.28866285
-58.88,0.28864822
-58.89,0.28863356
-58.9,0.28861898
-58.91,0.28860423
-58.92,0.2885896
-58.93,0.28857493
-58.94,0.2885603
-58.949999999999996,0.28854564
-58.96,0.28853092
-58.97,0.2885163
-58.98,0.2885017
-58.99,0.2884871
-59.0,0.28847253
-59.01,0.28845784
-59.019999999999996,0.2884432
-59.03,0.2884287
-59.04,0.288414
-59.05,0.28839943
-59.06,0.28838485
-59.07,0.28837025
-59.08,0.28835565
-59.089999999999996,0.28834108
-59.1,0.2883264
-59.11,0.2883119
-59.12,0.28829724
-59.13,0.28828266
-59.14,0.2882681
-59.15,0.2882535
-59.16,0.28823888
-59.17,0.28822437
-59.18,0.28820977
-59.19,0.2881952
-59.199999999999996,0.2881806
-59.21,0.28816608
-59.22,0.28815156
-59.23,0.288137
-59.24,0.28812236
-59.25,0.2881079
-59.26,0.28809333
-59.269999999999996,0.28807878
-59.28,0.28806415
-59.29,0.28804964
-59.3,0.28803515
-59.31,0.2880206
-59.32,0.28800607
-59.33,0.28799152
-59.339999999999996,0.28797704
-59.35,0.2879625
-59.36,0.28794798
-59.37,0.2879335
-59.38,0.28791896
-59.39,0.28790447
-59.4,0.28789
-59.41,0.2878754
-59.42,0.287861
-59.43,0.28784642
-59.44,0.28783196
-59.449999999999996,0.28781742
-59.46,0.28780296
-59.47,0.28778854
-59.48,0.2877741
-59.49,0.2877595
-59.5,0.28774497
-59.51,0.28773054
-59.519999999999996,0.28771615
-59.53,0.28770167
-59.54,0.28768712
-59.55,0.28767267
-59.56,0.2876582
-59.57,0.28764385
-59.58,0.28762934
-59.589999999999996,0.2876149
-59.6,0.28760043
-59.61,0.28758603
-59.62,0.28757155
-59.63,0.28755713
-59.64,0.2875427
-59.65,0.28752825
-59.66,0.28751385
-59.67,0.28749937
-59.68,0.28748497
-59.69,0.28747055
-59.699999999999996,0.2874561
-59.71,0.28744167
-59.72,0.2874273
-59.73,0.28741294
-59.74,0.28739846
-59.75,0.2873841
-59.76,0.28736976
-59.769999999999996,0.28735533
-59.78,0.28734097
-59.79,0.28732654
-59.8,0.28731212
-59.81,0.28729773
-59.82,0.2872834
-59.83,0.28726897
-59.839999999999996,0.2872546
-59.85,0.28724027
-59.86,0.2872258
-59.87,0.2872115
-59.88,0.28719714
-59.89,0.2871827
-59.9,0.2871684
-59.91,0.28715402
-59.92,0.28713968
-59.93,0.28712535
-59.94,0.28711104
-59.949999999999996,0.28709668
-59.96,0.28708234
-59.97,0.28706795
-59.98,0.28705364
-59.99,0.2870393
-60.0,0.28702497
-60.01,0.2870107
-60.019999999999996,0.2869963
-60.03,0.286982
-60.04,0.28696764
-60.05,0.28695333
-60.06,0.28693905
-60.07,0.28692475
-60.08,0.28691036
-60.089999999999996,0.28689608
-60.1,0.2868818
-60.11,0.28686756
-60.12,0.2868532
-60.13,0.28683886
-60.14,0.28682458
-60.15,0.2868104
-60.16,0.28679603
-60.17,0.28678176
-60.18,0.28676745
-60.19,0.28675324
-60.199999999999996,0.28673893
-60.21,0.28672472
-60.22,0.28671044
-60.23,0.28669614
-60.24,0.28668186
-60.25,0.2866676
-60.26,0.28665334
-60.269999999999996,0.28663912
-60.28,0.28662482
-60.29,0.28661066
-60.3,0.28659645
-60.31,0.2865821
-60.32,0.28656793
-60.33,0.2865537
-60.339999999999996,0.28653947
-60.35,0.2865252
-60.36,0.286511
-60.37,0.2864967
-60.38,0.28648257
-60.39,0.28646836
-60.4,0.28645405
-60.41,0.2864399
-60.42,0.2864257
-60.43,0.2864115
-60.44,0.28639725
-60.449999999999996,0.28638306
-60.46,0.28636888
-60.47,0.28635472
-60.48,0.2863405
-60.49,0.28632623
-60.5,0.2863121
-60.51,0.28629792
-60.519999999999996,0.2862838
-60.53,0.28626963
-60.54,0.28625542
-60.55,0.2862412
-60.56,0.286227
-60.57,0.28621286
-60.58,0.28619874
-60.589999999999996,0.28618452
-60.6,0.28617042
-60.61,0.28615624
-60.62,0.28614217
-60.63,0.28612795
-60.64,0.28611386
-60.65,0.28609964
-60.66,0.2860855
-60.67,0.28607145
-60.68,0.28605723
-60.69,0.28604314
-60.699999999999996,0.28602895
-60.71,0.28601488
-60.72,0.2860008
-60.73,0.28598666
-60.74,0.2859725
-60.75,0.2859584
-60.76,0.2859443
-60.769999999999996,0.28593022
-60.78,0.2859161
-60.79,0.28590202
-60.8,0.28588784
-60.81,0.28587377
-60.82,0.28585958
-60.83,0.28584558
-60.839999999999996,0.28583148
-60.85,0.28581738
-60.86,0.28580326
-60.87,0.28578925
-60.88,0.28577518
-60.89,0.2857611
-60.9,0.285747
-60.91,0.28573295
-60.92,0.28571895
-60.93,0.28570482
-60.94,0.28569072
-60.949999999999996,0.28567666
-60.96,0.28566256
-60.97,0.28564858
-60.98,0.28563455
-60.99,0.2856205
-61.0,0.28560653
-61.01,0.28559247
-61.019999999999996,0.28557834
-61.03,0.28556436
-61.04,0.28555033
-61.05,0.2855363
-61.06,0.28552225
-61.07,0.2855082
-61.08,0.28549427
-61.089999999999996,0.2854802
-61.1,0.28546622
-61.11,0.28545216
-61.12,0.28543818
-61.13,0.28542417
-61.14,0.28541005
-61.15,0.2853961
-61.16,0.2853821
-61.17,0.28536817
-61.18,0.28535417
-61.19,0.28534016
-61.199999999999996,0.2853262
-61.21,0.28531218
-61.22,0.28529832
-61.23,0.28528422
-61.24,0.28527018
-61.25,0.28525633
-61.26,0.28524235
-61.269999999999996,0.2852284
-61.28,0.28521436
-61.29,0.28520042
-61.3,0.28518653
-61.31,0.2851725
-61.32,0.28515857
-61.33,0.28514463
-61.339999999999996,0.28513062
-61.35,0.28511673
-61.36,0.28510278
-61.37,0.28508887
-61.38,0.28507492
-61.39,0.28506097
-61.4,0.2850471
-61.41,0.2850331
-61.42,0.2850192
-61.43,0.2850053
-61.44,0.2849914
-61.449999999999996,0.2849774
-61.46,0.28496343
-61.47,0.28494957
-61.48,0.28493568
-61.49,0.28492174
-61.5,0.28490782
-61.51,0.28489387
-61.519999999999996,0.2848801
-61.53,0.2848662
-61.54,0.2848522
-61.55,0.28483838
-61.56,0.2848245
-61.57,0.28481063
-61.58,0.28479677
-61.589999999999996,0.28478286
-61.6,0.28476906
-61.61,0.28475505
-61.62,0.28474122
-61.63,0.2847274
-61.64,0.28471345
-61.65,0.28469962
-61.66,0.2846858
-61.67,0.28467196
-61.68,0.28465813
-61.69,0.28464422
-61.7,0.28463048
-61.71,0.28461656
-61.72,0.2846027
-61.73,0.28458884
-61.74,0.28457505
-61.75,0.28456116
-61.76,0.28454745
-61.769999999999996,0.28453362
-61.78,0.2845197
-61.79,0.28450584
-61.8,0.2844921
-61.81,0.28447828
-61.82,0.28446448
-61.83,0.2844507
-61.839999999999996,0.2844368
-61.85,0.28442302
-61.86,0.28440922
-61.87,0.28439543
-61.88,0.2843816
-61.89,0.28436786
-61.9,0.28435403
-61.91,0.28434017
-61.92,0.28432643
-61.93,0.28431267
-61.94,0.2842989
-61.95,0.28428513
-61.96,0.2842713
-61.97,0.28425756
-61.98,0.28424382
-61.99,0.28422996
-62.0,0.28421625
-62.01,0.2842025
-62.019999999999996,0.2841887
-62.03,0.28417492
-62.04,0.2841612
-62.05,0.28414744
-62.06,0.2841336
-62.07,0.28411996
-62.08,0.28410625
-62.089999999999996,0.28409255
-62.1,0.28407875
-62.11,0.28406495
-62.12,0.28405124
-62.13,0.2840376
-62.14,0.2840239
-62.15,0.28401005
-62.16,0.2839964
-62.17,0.28398272
-62.18,0.283969
-62.19,0.28395525
-62.2,0.28394145
-62.21,0.28392786
-62.22,0.28391406
-62.23,0.28390047
-62.24,0.28388667
-62.25,0.28387308
-62.26,0.28385937
-62.269999999999996,0.2838456
-62.28,0.28383195
-62.29,0.28381824
-62.3,0.2838046
-62.31,0.28379092
-62.32,0.2837773
-62.33,0.2837636
-62.339999999999996,0.28374997
-62.35,0.28373623
-62.36,0.28372252
-62.37,0.28370887
-62.38,0.28369528
-62.39,0.28368157
-62.4,0.28366786
-62.41,0.28365433
-62.42,0.2836407
-62.43,0.28362697
-62.44,0.2836133
-62.45,0.28359967
-62.46,0.28358608
-62.47,0.2835724
-62.48,0.28355876
-62.49,0.28354514
-62.5,0.28353158
-62.51,0.2835179
-62.519999999999996,0.28350428
-62.53,0.28349066
-62.54,0.283477
-62.55,0.28346348
-62.56,0.28344983
-62.57,0.28343624
-62.58,0.2834226
-62.589999999999996,0.28340897
-62.6,0.28339544
-62.61,0.28338182
-62.62,0.2833682
-62.63,0.28335464
-62.64,0.28334102
-62.65,0.2833274
-62.66,0.28331393
-62.67,0.28330034
-62.68,0.2832867
-62.69,0.28327313
-62.7,0.28325954
-62.71,0.28324595
-62.72,0.28323242
-62.73,0.28321892
-62.74,0.28320536
-62.75,0.28319168
-62.76,0.2831782
-62.769999999999996,0.28316462
-62.78,0.28315106
-62.79,0.28313756
-62.8,0.28312397
-62.81,0.2831104
-62.82,0.2830968
-62.83,0.28308335
-62.839999999999996,0.2830698
-62.85,0.28305632
-62.86,0.28304276
-62.87,0.2830292
-62.88,0.2830157
-62.89,0.28300223
-62.9,0.28298867
-62.91,0.2829752
-62.92,0.28296164
-62.93,0.2829481
-62.94,0.28293467
-62.95,0.28292105
-62.96,0.28290758
-62.97,0.28289413
-62.98,0.2828807
-62.99,0.28286716
-63.0,0.2828536
-63.01,0.28284016
-63.019999999999996,0.28282672
-63.03,0.2828131
-63.04,0.28279972
-63.05,0.2827862
-63.06,0.28277272
-63.07,0.28275937
-63.08,0.2827458
-63.089999999999996,0.28273234
-63.1,0.2827189
-63.11,0.28270543
-63.12,0.28269196
-63.13,0.28267848
-63.14,0.28266495
-63.15,0.28265154
-63.16,0.28263804
-63.17,0.2826247
-63.18,0.28261125
-63.19,0.28259778
-63.2,0.28258434
-63.21,0.28257093
-63.22,0.28255746
-63.23,0.2825441
-63.24,0.28253067
-63.25,0.28251714
-63.26,0.28250378
-63.269999999999996,0.28249034
-63.28,0.2824769
-63.29,0.28246343
-63.3,0.2824501
-63.31,0.2824367
-63.32,0.28242326
-63.33,0.28240985
-63.339999999999996,0.2823965
-63.35,0.2823831
-63.36,0.2823697
-63.37,0.28235626
-63.38,0.28234285
-63.39,0.28232947
-63.4,0.28231615
-63.41,0.2823028
-63.42,0.2822894
-63.43,0.28227594
-63.44,0.28226262
-63.45,0.28224927
-63.46,0.2822359
-63.47,0.28222242
-63.48,0.2822092
-63.49,0.28219587
-63.5,0.2821824
-63.51,0.28216904
-63.519999999999996,0.2821557
-63.53,0.2821424
-63.54,0.28212908
-63.55,0.28211573
-63.56,0.28210232
-63.57,0.28208894
-63.58,0.28207564
-63.589999999999996,0.28206235
-63.6,0.28204897
-63.61,0.28203565
-63.62,0.28202236
-63.63,0.28200904
-63.64,0.2819957
-63.65,0.2819824
-63.66,0.2819691
-63.67,0.28195575
-63.68,0.28194246
-63.69,0.2819291
-63.7,0.28191584
-63.71,0.2819025
-63.72,0.2818892
-63.73,0.2818759
-63.74,0.28186262
-63.75,0.2818493
-63.76,0.281836
-63.769999999999996,0.2818228
-63.78,0.28180948
-63.79,0.28179622
-63.8,0.28178293
-63.81,0.28176963
-63.82,0.28175634
-63.83,0.28174302
-63.839999999999996,0.28172982
-63.85,0.2817166
-63.86,0.2817033
-63.87,0.28169003
-63.88,0.2816768
-63.89,0.28166357
-63.9,0.28165027
-63.91,0.28163698
-63.92,0.28162372
-63.93,0.28161046
-63.94,0.2815973
-63.95,0.28158402
-63.96,0.28157076
-63.97,0.28155756
-63.98,0.2815444
-63.99,0.28153116
-64.0,0.28151786
-64.01,0.28150466
-64.02000000000001,0.2814914
-64.03,0.2814783
-64.04,0.281465
-64.05000000000001,0.2814517
-64.06,0.28143853
-64.07000000000001,0.28142542
-64.08000000000001,0.2814122
-64.09,0.28139895
-64.10000000000001,0.28138578
-64.11,0.28137255
-64.12,0.28135931
-64.13000000000001,0.28134617
-64.14,0.28133303
-64.15,0.28131977
-64.16000000000001,0.28130662
-64.17,0.28129345
-64.18,0.28128028
-64.19000000000001,0.2812671
-64.2,0.28125387
-64.21000000000001,0.28124073
-64.22000000000001,0.2812276
-64.23,0.28121436
-64.24000000000001,0.2812012
-64.25,0.2811881
-64.26,0.28117487
-64.27000000000001,0.2811617
-64.28,0.28114855
-64.29,0.28113544
-64.30000000000001,0.2811223
-64.31,0.2811092
-64.32000000000001,0.28109604
-64.33000000000001,0.28108293
-64.34,0.28106973
-64.35000000000001,0.2810566
-64.36,0.28104347
-64.37,0.2810304
-64.38000000000001,0.2810172
-64.39,0.281004
-64.4,0.280991
-64.41000000000001,0.28097782
-64.42,0.28096467
-64.43,0.28095162
-64.44000000000001,0.28093848
-64.45,0.28092533
-64.46000000000001,0.28091228
-64.47000000000001,0.2808992
-64.48,0.2808861
-64.49000000000001,0.280873
-64.5,0.28085986
-64.51,0.2808468
-64.52000000000001,0.28083375
-64.53,0.28082058
-64.54,0.28080752
-64.55000000000001,0.2807945
-64.56,0.2807814
-64.57000000000001,0.28076828
-64.58000000000001,0.28075513
-64.59,0.28074217
-64.60000000000001,0.280729
-64.61,0.28071594
-64.62,0.28070292
-64.63000000000001,0.28068987
-64.64,0.2806768
-64.65,0.2806637
-64.66000000000001,0.28065062
-64.67,0.28063768
-64.68,0.28062448
-64.69000000000001,0.28061146
-64.7,0.2805985
-64.71000000000001,0.28058544
-64.72000000000001,0.2805724
-64.73,0.28055936
-64.74000000000001,0.28054625
-64.75,0.28053334
-64.76,0.2805203
-64.77000000000001,0.2805073
-64.78,0.28049424
-64.79,0.28048125
-64.80000000000001,0.28046817
-64.81,0.28045514
-64.82000000000001,0.2804422
-64.83000000000001,0.2804291
-64.84,0.28041613
-64.85000000000001,0.28040314
-64.86,0.2803901
-64.87,0.28037706
-64.88000000000001,0.2803641
-64.89,0.2803511
-64.9,0.28033808
-64.91000000000001,0.28032514
-64.92,0.2803121
-64.93,0.28029913
-64.94000000000001,0.28028616
-64.95,0.2802731
-64.96000000000001,0.2802602
-64.97000000000001,0.28024712
-64.98,0.2802343
-64.99000000000001,0.28022125
-65.0,0.28020826
-65.01,0.28019527
-65.02000000000001,0.28018236
-65.03,0.2801694
-65.04,0.2801564
-65.05000000000001,0.2801435
-65.06,0.28013062
-65.07000000000001,0.28011766
-65.08000000000001,0.28010464
-65.09,0.28009176
-65.10000000000001,0.2800788
-65.11,0.28006586
-65.12,0.28005287
-65.13000000000001,0.2800399
-65.14,0.28002697
-65.15,0.2800141
-65.16000000000001,0.2800012
-65.17,0.27998826
-65.18,0.27997535
-65.19000000000001,0.27996236
-65.2,0.27994952
-65.21000000000001,0.2799366
-65.22000000000001,0.27992365
-65.23,0.27991068
-65.24000000000001,0.27989778
-65.25,0.279885
-65.26,0.27987203
-65.27000000000001,0.2798591
-65.28,0.27984622
-65.29,0.2798333
-65.30000000000001,0.27982047
-65.31,0.2798076
-65.32000000000001,0.27979466
-65.33000000000001,0.2797818
-65.34,0.2797689
-65.35000000000001,0.27975598
-65.36,0.27974316
-65.37,0.27973032
-65.38000000000001,0.2797174
-65.39,0.27970448
-65.4,0.27969164
-65.41000000000001,0.27967876
-65.42,0.2796659
-65.43,0.2796531
-65.44000000000001,0.2796402
-65.45,0.2796274
-65.46000000000001,0.27961454
-65.47000000000001,0.27960166
-65.48,0.27958882
-65.49000000000001,0.279576
-65.5,0.27956316
-65.51,0.2795503
-65.52000000000001,0.27953747
-65.53,0.27952462
-65.54,0.27951187
-65.55000000000001,0.27949902
-65.56,0.27948612
-65.57000000000001,0.27947333
-65.58000000000001,0.27946046
-65.59,0.2794477
-65.60000000000001,0.27943483
-65.61,0.27942204
-65.62,0.27940926
-65.63000000000001,0.27939644
-65.64,0.2793836
-65.65,0.2793708
-65.66000000000001,0.27935794
-65.67,0.2793452
-65.68,0.2793325
-65.69000000000001,0.27931964
-65.7,0.27930695
-65.71000000000001,0.27929404
-65.72000000000001,0.2792813
-65.73,0.2792685
-65.74000000000001,0.27925578
-65.75,0.27924293
-65.76,0.27923012
-65.77000000000001,0.2792174
-65.78,0.27920464
-65.79,0.27919185
-65.80000000000001,0.2791791
-65.81,0.27916628
-65.82000000000001,0.27915347
-65.83000000000001,0.2791407
-65.84,0.27912804
-65.85000000000001,0.27911532
-65.86,0.27910256
-65.87,0.27908978
-65.88000000000001,0.279077
-65.89,0.27906436
-65.9,0.2790516
-65.91000000000001,0.27903888
-65.92,0.27902606
-65.93,0.27901334
-65.94000000000001,0.27900055
-65.95,0.27898794
-65.96000000000001,0.2789751
-65.97000000000001,0.27896243
-65.98,0.27894974
-65.99000000000001,0.27893698
-66.0,0.27892435
-66.01,0.27891153
-66.02000000000001,0.2788989
-66.03,0.27888614
-66.04,0.27887344
-66.05000000000001,0.27886072
-66.06,0.27884805
-66.07000000000001,0.27883536
-66.08000000000001,0.27882266
-66.09,0.27880993
-66.10000000000001,0.27879724
-66.11,0.27878457
-66.12,0.2787719
-66.13000000000001,0.27875927
-66.14,0.27874646
-66.15,0.27873376
-66.16000000000001,0.27872106
-66.17,0.27870852
-66.18,0.27869585
-66.19000000000001,0.2786832
-66.2,0.2786705
-66.21000000000001,0.2786578
-66.22000000000001,0.2786452
-66.23,0.27863258
-66.24000000000001,0.2786198
-66.25,0.2786072
-66.26,0.27859452
-66.27000000000001,0.27858192
-66.28,0.2785693
-66.29,0.27855664
-66.30000000000001,0.27854398
-66.31,0.2785313
-66.32000000000001,0.27851862
-66.33000000000001,0.278506
-66.34,0.27849346
-66.35000000000001,0.2784807
-66.36,0.27846813
-66.37,0.27845556
-66.38000000000001,0.27844292
-66.39,0.27843028
-66.4,0.27841768
-66.41000000000001,0.27840504
-66.42,0.27839246
-66.43,0.2783797
-66.44000000000001,0.2783672
-66.45,0.2783546
-66.46000000000001,0.27834204
-66.47000000000001,0.27832943
-66.48,0.2783168
-66.49000000000001,0.27830422
-66.5,0.27829176
-66.51,0.27827904
-66.52000000000001,0.27826646
-66.53,0.27825385
-66.54,0.27824125
-66.55000000000001,0.2782288
-66.56,0.27821612
-66.57000000000001,0.27820355
-66.58000000000001,0.27819097
-66.59,0.2781784
-66.60000000000001,0.2781659
-66.61,0.27815324
-66.62,0.27814078
-66.63000000000001,0.2781282
-66.64,0.27811563
-66.65,0.278103
-66.66000000000001,0.27809042
-66.67,0.278078
-66.68,0.27806538
-66.69000000000001,0.27805278
-66.7,0.27804038
-66.71000000000001,0.2780277
-66.72000000000001,0.27801523
-66.73,0.27800262
-66.74000000000001,0.27799016
-66.75,0.2779776
-66.76,0.27796513
-66.77000000000001,0.27795258
-66.78,0.27794
-66.79,0.27792755
-66.80000000000001,0.277915
-66.81,0.2779025
-66.82000000000001,0.27788997
-66.83000000000001,0.27787742
-66.84,0.27786493
-66.85000000000001,0.27785245
-66.86,0.27783996
-66.87,0.2778274
-66.88000000000001,0.2778149
-66.89,0.2778024
-66.9,0.27778995
-66.91000000000001,0.2777774
-66.92,0.27776492
-66.93,0.27775246
-66.94000000000001,0.27774
-66.95,0.27772743
-66.96000000000001,0.27771497
-66.97000000000001,0.2777025
-66.98,0.27769002
-66.99000000000001,0.27767754
-67.0,0.27766514
-67.01,0.2776526
-67.02000000000001,0.27764025
-67.03,0.27762777
-67.04,0.27761522
-67.05000000000001,0.27760276
-67.06,0.27759027
-67.07000000000001,0.27757788
-67.08000000000001,0.27756542
-67.09,0.27755293
-67.10000000000001,0.27754053
-67.11,0.27752802
-67.12,0.27751565
-67.13000000000001,0.27750313
-67.14,0.2774907
-67.15,0.2774784
-67.16000000000001,0.27746588
-67.17,0.2774535
-67.18,0.27744105
-67.19000000000001,0.27742863
-67.2,0.27741626
-67.21000000000001,0.2774038
-67.22000000000001,0.27739134
-67.23,0.27737892
-67.24000000000001,0.27736655
-67.25,0.27735415
-67.26,0.27734172
-67.27000000000001,0.27732927
-67.28,0.2773169
-67.29,0.27730447
-67.30000000000001,0.27729216
-67.31,0.27727968
-67.32000000000001,0.27726728
-67.33000000000001,0.27725488
-67.34,0.2772425
-67.35000000000001,0.27723014
-67.36,0.2772177
-67.37,0.27720532
-67.38000000000001,0.27719295
-67.39,0.27718058
-67.4,0.2771683
-67.41000000000001,0.27715582
-67.42,0.27714345
-67.43,0.27713114
-67.44000000000001,0.2771187
-67.45,0.27710637
-67.46000000000001,0.27709398
-67.47000000000001,0.2770816
-67.48,0.2770694
-67.49000000000001,0.27705696
-67.5,0.27704465
-67.51,0.27703223
-67.52000000000001,0.27701992
-67.53,0.2770076
-67.54,0.27699524
-67.55000000000001,0.27698287
-67.56,0.27697054
-67.57000000000001,0.27695823
-67.58000000000001,0.27694598
-67.59,0.27693358
-67.60000000000001,0.2769213
-67.61,0.27690887
-67.62,0.27689663
-67.63000000000001,0.27688426
-67.64,0.27687198
-67.65,0.27685964
-67.66000000000001,0.27684733
-67.67,0.2768351
-67.68,0.27682275
-67.69000000000001,0.27681047
-67.7,0.27679816
-67.71000000000001,0.27678585
-67.72000000000001,0.2767735
-67.73,0.27676123
-67.74000000000001,0.27674896
-67.75,0.27673668
-67.76,0.2767244
-67.77000000000001,0.27671212
-67.78,0.27669984
-67.79,0.27668753
-67.80000000000001,0.27667525
-67.81,0.27666295
-67.82000000000001,0.2766507
-67.83000000000001,0.2766384
-67.84,0.27662614
-67.85000000000001,0.2766139
-67.86,0.27660155
-67.87,0.27658936
-67.88000000000001,0.27657712
-67.89,0.27656475
-67.9,0.27655256
-67.91000000000001,0.27654034
-67.92,0.27652806
-67.93,0.27651587
-67.94000000000001,0.27650362
-67.95,0.27649137
-67.96000000000001,0.2764791
-67.97000000000001,0.27646682
-67.98,0.27645457
-67.99000000000001,0.27644238
-68.0,0.27643016
-68.01,0.27641794
-68.02000000000001,0.2764057
-68.03,0.27639344
-68.04,0.2763813
-68.05000000000001,0.27636904
-68.06,0.27635685
-68.07000000000001,0.2763446
-68.08000000000001,0.27633244
-68.09,0.27632016
-68.10000000000001,0.2763079
-68.11,0.2762958
-68.12,0.27628362
-68.13000000000001,0.2762713
-68.14,0.27625912
-68.15,0.276247
-68.16000000000001,0.27623478
-68.17,0.2762226
-68.18,0.2762104
-68.19000000000001,0.27619818
-68.2,0.27618602
-68.21000000000001,0.2761739
-68.22000000000001,0.2761617
-68.23,0.27614945
-68.24000000000001,0.27613732
-68.25,0.27612516
-68.26,0.27611306
-68.27000000000001,0.27610078
-68.28,0.2760886
-68.29,0.2760764
-68.30000000000001,0.27606437
-68.31,0.27605218
-68.32000000000001,0.27604008
-68.33000000000001,0.2760278
-68.34,0.27601567
-68.35000000000001,0.27600357
-68.36000000000001,0.27599153
-68.37,0.27597928
-68.38000000000001,0.27596703
-68.39,0.27595496
-68.4,0.27594286
-68.41000000000001,0.27593064
-68.42,0.27591857
-68.43,0.27590638
-68.44000000000001,0.27589428
-68.45,0.27588218
-68.46000000000001,0.27587003
-68.47000000000001,0.2758579
-68.48,0.27584574
-68.49000000000001,0.27583364
-68.5,0.2758216
-68.51,0.27580938
-68.52000000000001,0.27579737
-68.53,0.27578527
-68.54,0.2757731
-68.55000000000001,0.27576107
-68.56,0.27574894
-68.57000000000001,0.2757368
-68.58000000000001,0.27572468
-68.59,0.2757126
-68.60000000000001,0.2757006
-68.61000000000001,0.27568844
-68.62,0.2756764
-68.63000000000001,0.27566436
-68.64,0.27565226
-68.65,0.27564013
-68.66000000000001,0.27562803
-68.67,0.27561605
-68.68,0.2756039
-68.69000000000001,0.27559182
-68.7,0.27557978
-68.71000000000001,0.27556774
-68.72000000000001,0.27555573
-68.73,0.2755436
-68.74000000000001,0.27553147
-68.75,0.2755194
-68.76,0.27550742
-68.77000000000001,0.27549538
-68.78,0.2754833
-68.79,0.27547127
-68.80000000000001,0.27545923
-68.81,0.27544716
-68.82000000000001,0.27543515
-68.83000000000001,0.27542314
-68.84,0.2754111
-68.85000000000001,0.275399
-68.86000000000001,0.27538696
-68.87,0.27537495
-68.88000000000001,0.27536297
-68.89,0.275351
-68.9,0.2753389
-68.91000000000001,0.27532688
-68.92,0.27531484
-68.93,0.27530295
-68.94000000000001,0.27529082
-68.95,0.27527878
-68.96000000000001,0.27526677
-68.97000000000001,0.27525488
-68.98,0.27524287
-68.99000000000001,0.27523082
-69.0,0.27521878
-69.01,0.27520683
-69.02000000000001,0.27519488
-69.03,0.27518287
-69.04,0.2751709
-69.05000000000001,0.27515882
-69.06,0.27514684
-69.07000000000001,0.27513498
-69.08000000000001,0.275123
-69.09,0.27511096
-69.10000000000001,0.27509904
-69.11000000000001,0.275087
-69.12,0.27507502
-69.13000000000001,0.27506316
-69.14,0.2750511
-69.15,0.27503917
-69.16000000000001,0.27502722
-69.17,0.27501526
-69.18,0.2750032
-69.19000000000001,0.27499127
-69.2,0.2749793
-69.21000000000001,0.27496746
-69.22000000000001,0.27495548
-69.23,0.27494347
-69.24000000000001,0.2749316
-69.25,0.27491963
-69.26,0.27490777
-69.27000000000001,0.27489573
-69.28,0.2748838
-69.29,0.2748719
-69.30000000000001,0.27485994
-69.31,0.27484807
-69.32000000000001,0.27483612
-69.33000000000001,0.27482417
-69.34,0.27481222
-69.35000000000001,0.27480036
-69.36000000000001,0.2747885
-69.37,0.27477658
-69.38000000000001,0.27476454
-69.39,0.27475274
-69.4,0.2747408
-69.41000000000001,0.27472892
-69.42,0.27471697
-69.43,0.27470505
-69.44000000000001,0.27469316
-69.45,0.27468127
-69.46000000000001,0.27466947
-69.47000000000001,0.2746576
-69.48,0.27464563
-69.49000000000001,0.27463377
-69.5,0.2746218
-69.51,0.27460998
-69.52000000000001,0.27459815
-69.53,0.2745862
-69.54,0.27457434
-69.55000000000001,0.27456248
-69.56,0.2745506
-69.57000000000001,0.2745388
-69.58000000000001,0.2745268
-69.59,0.27451494
-69.60000000000001,0.2745031
-69.61000000000001,0.2744913
-69.62,0.27447948
-69.63000000000001,0.27446756
-69.64,0.2744558
-69.65,0.27444392
-69.66000000000001,0.2744321
-69.67,0.2744203
-69.68,0.27440828
-69.69000000000001,0.27439654
-69.7,0.27438468
-69.71000000000001,0.27437285
-69.72000000000001,0.27436098
-69.73,0.27434906
-69.74000000000001,0.27433735
-69.75,0.27432555
-69.76,0.2743137
-69.77000000000001,0.27430192
-69.78,0.27429006
-69.79,0.2742782
-69.80000000000001,0.27426636
-69.81,0.2742546
-69.82000000000001,0.2742427
-69.83000000000001,0.274231
-69.84,0.2742192
-69.85000000000001,0.27420738
-69.86000000000001,0.27419555
-69.87,0.27418378
-69.88000000000001,0.27417195
-69.89,0.27416024
-69.9,0.27414837
-69.91000000000001,0.27413663
-69.92,0.27412474
-69.93,0.274113
-69.94000000000001,0.27410123
-69.95,0.2740894
-69.96000000000001,0.27407765
-69.97000000000001,0.27406588
-69.98,0.27405417
-69.99000000000001,0.27404234
-70.0,0.27403054
-70.01,0.2740188
-70.02000000000001,0.27400702
-70.03,0.27399528
-70.04,0.27398354
-70.05000000000001,0.27397168
-70.06,0.27396
-70.07000000000001,0.2739483
-70.08000000000001,0.27393648
-70.09,0.2739247
-70.10000000000001,0.273913
-70.11000000000001,0.27390125
-70.12,0.2738895
-70.13000000000001,0.27387774
-70.14,0.27386606
-70.15,0.2738542
-70.16000000000001,0.27384254
-70.17,0.2738308
-70.18,0.2738191
-70.19000000000001,0.27380732
-70.2,0.27379557
-70.21000000000001,0.2737839
-70.22000000000001,0.27377212
-70.23,0.2737604
-70.24000000000001,0.2737487
-70.25,0.27373704
-70.26,0.27372527
-70.27000000000001,0.2737136
-70.28,0.27370182
-70.29,0.2736901
-70.30000000000001,0.27367842
-70.31,0.27366674
-70.32000000000001,0.273655
-70.33000000000001,0.27364334
-70.34,0.27363163
-70.35000000000001,0.27362
-70.36000000000001,0.2736082
-70.37,0.27359653
-70.38000000000001,0.2735849
-70.39,0.27357325
-70.4,0.27356157
-70.41000000000001,0.27354985
-70.42,0.27353805
-70.43,0.27352652
-70.44000000000001,0.27351484
-70.45,0.27350312
-70.46000000000001,0.2734915
-70.47000000000001,0.27347985
-70.48,0.27346817
-70.49000000000001,0.27345645
-70.5,0.27344495
-70.51,0.2734332
-70.52000000000001,0.27342153
-70.53,0.27340984
-70.54,0.27339822
-70.55000000000001,0.27338654
-70.56,0.27337497
-70.57000000000001,0.27336326
-70.58000000000001,0.27335164
-70.59,0.27334005
-70.60000000000001,0.27332836
-70.61000000000001,0.27331674
-70.62,0.27330512
-70.63000000000001,0.27329352
-70.64,0.27328187
-70.65,0.27327022
-70.66000000000001,0.2732586
-70.67,0.273247
-70.68,0.27323535
-70.69000000000001,0.27322376
-70.7,0.2732121
-70.71000000000001,0.2732005
-70.72000000000001,0.27318886
-70.73,0.27317733
-70.74000000000001,0.27316564
-70.75,0.27315405
-70.76,0.2731425
-70.77000000000001,0.27313083
-70.78,0.27311924
-70.79,0.27310774
-70.80000000000001,0.27309602
-70.81,0.27308446
-70.82000000000001,0.2730729
-70.83000000000001,0.27306134
-70.84,0.2730498
-70.85000000000001,0.2730382
-70.86000000000001,0.27302647
-70.87,0.273015
-70.88000000000001,0.2730034
-70.89,0.27299184
-70.9,0.2729803
-70.91000000000001,0.27296865
-70.92,0.27295712
-70.93,0.27294552
-70.94000000000001,0.27293405
-70.95,0.27292243
-70.96000000000001,0.27291086
-70.97000000000001,0.27289936
-70.98,0.27288783
-70.99000000000001,0.2728763
-71.0,0.27286464
-71.01,0.2728531
-71.02000000000001,0.27284166
-71.03,0.27283007
-71.04,0.2728185
-71.05000000000001,0.272807
-71.06,0.27279544
-71.07000000000001,0.27278394
-71.08000000000001,0.27277237
-71.09,0.2727609
-71.10000000000001,0.2727493
-71.11000000000001,0.27273783
-71.12,0.27272624
-71.13000000000001,0.27271476
-71.14,0.27270326
-71.15,0.27269173
-71.16000000000001,0.27268016
-71.17,0.27266866
-71.18,0.2726572
-71.19000000000001,0.27264568
-71.2,0.27263418
-71.21000000000001,0.27262264
-71.22000000000001,0.27261117
-71.23,0.27259967
-71.24000000000001,0.27258807
-71.25,0.27257672
-71.26,0.2725652
-71.27000000000001,0.2725537
-71.28,0.27254215
-71.29,0.27253073
-71.30000000000001,0.2725192
-71.31,0.2725078
-71.32000000000001,0.27249625
-71.33000000000001,0.2724848
-71.34,0.2724733
-71.35000000000001,0.2724618
-71.36000000000001,0.2724504
-71.37,0.27243885
-71.38000000000001,0.2724274
-71.39,0.27241594
-71.4,0.27240455
-71.41000000000001,0.272393
-71.42,0.27238154
-71.43,0.27237016
-71.44000000000001,0.27235863
-71.45,0.27234718
-71.46000000000001,0.2723358
-71.47000000000001,0.27232435
-71.48,0.27231288
-71.49000000000001,0.27230147
-71.5,0.27229
-71.51,0.27227843
-71.52000000000001,0.2722671
-71.53,0.27225566
-71.54,0.27224422
-71.55000000000001,0.27223283
-71.56,0.27222133
-71.57000000000001,0.27220997
-71.58000000000001,0.2721986
-71.59,0.2721871
-71.60000000000001,0.2721758
-71.61000000000001,0.27216426
-71.62,0.2721529
-71.63000000000001,0.2721415
-71.64,0.2721301
-71.65,0.27211866
-71.66000000000001,0.27210724
-71.67,0.2720958
-71.68,0.27208444
-71.69000000000001,0.272073
-71.7,0.27206168
-71.71000000000001,0.27205023
-71.72000000000001,0.27203882
-71.73,0.2720275
-71.74000000000001,0.27201614
-71.75,0.27200478
-71.76,0.27199325
-71.77000000000001,0.2719819
-71.78,0.27197054
-71.79,0.27195916
-71.80000000000001,0.27194783
-71.81,0.2719364
-71.82000000000001,0.27192503
-71.83000000000001,0.27191365
-71.84,0.2719023
-71.85000000000001,0.27189094
-71.86000000000001,0.27187952
-71.87,0.27186823
-71.88000000000001,0.27185684
-71.89,0.27184552
-71.9,0.27183416
-71.91000000000001,0.2718228
-71.92,0.27181146
-71.93,0.27180004
-71.94000000000001,0.27178875
-71.95,0.2717774
-71.96000000000001,0.27176604
-71.97000000000001,0.2717547
-71.98,0.27174333
-71.99000000000001,0.2717321
-72.0,0.27172068
-72.01,0.27170932
-72.02000000000001,0.27169803
-72.03,0.2716867
-72.04,0.27167532
-72.05000000000001,0.27166402
-72.06,0.2716527
-72.07000000000001,0.27164137
-72.08000000000001,0.27163014
-72.09,0.27161884
-72.10000000000001,0.2716074
-72.11000000000001,0.27159613
-72.12,0.2715848
-72.13000000000001,0.27157357
-72.14,0.2715623
-72.15,0.2715509
-72.16000000000001,0.2715397
-72.17,0.27152836
-72.18,0.2715171
-72.19000000000001,0.2715057
-72.2,0.27149445
-72.21000000000001,0.27148312
-72.22000000000001,0.27147192
-72.23,0.27146062
-72.24000000000001,0.27144933
-72.25,0.27143794
-72.26,0.27142677
-72.27000000000001,0.2714155
-72.28,0.2714042
-72.29,0.27139297
-72.30000000000001,0.27138156
-72.31,0.27137044
-72.32000000000001,0.27135915
-72.33000000000001,0.27134788
-72.34,0.27133662
-72.35000000000001,0.27132535
-72.36000000000001,0.27131408
-72.37,0.27130285
-72.38000000000001,0.27129158
-72.39,0.2712804
-72.4,0.27126908
-72.41000000000001,0.27125785
-72.42,0.27124655
-72.43,0.2712354
-72.44000000000001,0.2712241
-72.45,0.27121282
-72.46000000000001,0.27120164
-72.47000000000001,0.2711904
-72.48,0.27117908
-72.49000000000001,0.2711679
-72.5,0.27115667
-72.51,0.27114555
-72.52000000000001,0.2711343
-72.53,0.27112305
-72.54,0.27111185
-72.55000000000001,0.2711006
-72.56,0.27108946
-72.57000000000001,0.2710781
-72.58000000000001,0.27106693
-72.59,0.27105582
-72.60000000000001,0.27104452
-72.61000000000001,0.2710334
-72.62,0.27102214
-72.63000000000001,0.27101102
-72.64,0.27099973
-72.65,0.27098855
-72.66000000000001,0.27097738
-72.67,0.27096617
-72.68,0.27095497
-72.69000000000001,0.27094376
-72.7,0.27093267
-72.71000000000001,0.2709214
-72.72000000000001,0.2709102
-72.73,0.270899
-72.74000000000001,0.27088788
-72.75,0.2708767
-72.76,0.2708655
-72.77000000000001,0.27085426
-72.78,0.27084315
-72.79,0.27083203
-72.80000000000001,0.27082086
-72.81,0.27080974
-72.82000000000001,0.27079856
-72.83000000000001,0.27078742
-72.84,0.27077624
-72.85000000000001,0.270765
-72.86000000000001,0.27075392
-72.87,0.2707428
-72.88000000000001,0.27073166
-72.89,0.27072054
-72.9,0.27070934
-72.91000000000001,0.27069822
-72.92,0.27068704
-72.93,0.27067584
-72.94000000000001,0.27066478
-72.95,0.2706536
-72.96000000000001,0.27064246
-72.97000000000001,0.2706313
-72.98,0.27062032
-72.99000000000001,0.27060917
-73.0,0.27059802
-73.01,0.27058688
-73.02000000000001,0.2705758
-73.03,0.27056468
-73.04,0.27055356
-73.05000000000001,0.2705424
-73.06,0.27053136
-73.07000000000001,0.2705202
-73.08000000000001,0.270509
-73.09,0.27049804
-73.10000000000001,0.27048692
-73.11000000000001,0.2704758
-73.12,0.27046463
-73.13000000000001,0.2704536
-73.14,0.27044246
-73.15,0.27043143
-73.16000000000001,0.2704203
-73.17,0.2704092
-73.18,0.27039817
-73.19000000000001,0.27038702
-73.2,0.27037603
-73.21000000000001,0.27036488
-73.22000000000001,0.27035382
-73.23,0.27034274
-73.24000000000001,0.27033165
-73.25,0.2703206
-73.26,0.2703095
-73.27000000000001,0.27029848
-73.28,0.27028736
-73.29,0.27027637
-73.30000000000001,0.27026528
-73.31,0.27025425
-73.32000000000001,0.27024317
-73.33000000000001,0.27023208
-73.34,0.27022102
-73.35000000000001,0.27021
-73.36000000000001,0.270199
-73.37,0.27018794
-73.38000000000001,0.27017686
-73.39,0.2701659
-73.4,0.2701547
-73.41000000000001,0.2701437
-73.42,0.27013266
-73.43,0.27012175
-73.44000000000001,0.2701106
-73.45,0.2700996
-73.46000000000001,0.2700886
-73.47000000000001,0.2700774
-73.48,0.2700665
-73.49000000000001,0.2700555
-73.5,0.27004445
-73.51,0.2700335
-73.52000000000001,0.27002248
-73.53,0.27001148
-73.54,0.2700005
-73.55000000000001,0.2699894
-73.56,0.26997837
-73.57000000000001,0.26996744
-73.58000000000001,0.2699564
-73.59,0.2699454
-73.60000000000001,0.26993448
-73.61000000000001,0.2699234
-73.62,0.26991242
-73.63000000000001,0.2699014
-73.64,0.26989043
-73.65,0.26987952
-73.66000000000001,0.26986846
-73.67,0.26985747
-73.68,0.26984647
-73.69000000000001,0.2698355
-73.7,0.26982456
-73.71000000000001,0.26981357
-73.72000000000001,0.26980257
-73.73,0.26979163
-73.74000000000001,0.26978064
-73.75,0.26976958
-73.76,0.26975873
-73.77000000000001,0.26974767
-73.78,0.26973683
-73.79,0.26972577
-73.80000000000001,0.26971486
-73.81,0.26970392
-73.82000000000001,0.2696929
-73.83000000000001,0.269682
-73.84,0.26967105
-73.85000000000001,0.2696601
-73.86000000000001,0.26964912
-73.87,0.26963815
-73.88000000000001,0.2696272
-73.89,0.26961625
-73.9,0.2696053
-73.91000000000001,0.2695944
-73.92,0.2695835
-73.93,0.26957262
-73.94000000000001,0.26956165
-73.95,0.2695507
-73.96000000000001,0.26953983
-73.97000000000001,0.26952887
-73.98,0.26951796
-73.99000000000001,0.26950708
-74.0,0.26949605
-74.01,0.26948512
-74.02000000000001,0.26947424
-74.03,0.26946327
-74.04,0.26945248
-74.05000000000001,0.26944157
-74.06,0.2694306
-74.07000000000001,0.26941973
-74.08000000000001,0.26940885
-74.09,0.26939794
-74.10000000000001,0.26938698
-74.11000000000001,0.26937604
-74.12,0.26936525
-74.13000000000001,0.26935428
-74.14,0.2693434
-74.15,0.2693326
-74.16000000000001,0.26932165
-74.17,0.2693108
-74.18,0.26929986
-74.19000000000001,0.26928902
-74.2,0.26927814
-74.21000000000001,0.2692673
-74.22000000000001,0.2692564
-74.23,0.26924548
-74.24000000000001,0.2692347
-74.25,0.26922378
-74.26,0.26921287
-74.27000000000001,0.26920208
-74.28,0.26919115
-74.29,0.2691803
-74.30000000000001,0.26916945
-74.31,0.26915863
-74.32000000000001,0.26914778
-74.33000000000001,0.26913694
-74.34,0.26912603
-74.35000000000001,0.2691152
-74.36000000000001,0.2691044
-74.37,0.26909357
-74.38000000000001,0.26908273
-74.39,0.26907185
-74.4,0.269061
-74.41000000000001,0.26905012
-74.42,0.26903933
-74.43,0.26902848
-74.44000000000001,0.2690177
-74.45,0.2690069
-74.46000000000001,0.26899603
-74.47000000000001,0.2689852
-74.48,0.2689744
-74.49000000000001,0.2689636
-74.5,0.2689528
-74.51,0.2689419
-74.52000000000001,0.26893103
-74.53,0.26892027
-74.54,0.26890954
-74.55000000000001,0.26889876
-74.56,0.2688879
-74.57000000000001,0.2688771
-74.58000000000001,0.2688662
-74.59,0.26885545
-74.60000000000001,0.26884472
-74.61000000000001,0.26883394
-74.62,0.26882306
-74.63000000000001,0.26881236
-74.64,0.2688015
-74.65,0.2687908
-74.66000000000001,0.26878
-74.67,0.26876917
-74.68,0.26875836
-74.69000000000001,0.26874766
-74.7,0.26873684
-74.71000000000001,0.26872602
-74.72000000000001,0.26871523
-74.73,0.2687045
-74.74000000000001,0.26869375
-74.75,0.26868293
-74.76,0.26867223
-74.77000000000001,0.26866147
-74.78,0.2686507
-74.79,0.26863986
-74.80000000000001,0.2686292
-74.81,0.2686184
-74.82000000000001,0.2686076
-74.83000000000001,0.26859695
-74.84,0.2685862
-74.85000000000001,0.2685754
-74.86000000000001,0.26856464
-74.87,0.26855385
-74.88000000000001,0.26854318
-74.89,0.26853237
-74.9,0.26852176
-74.91000000000001,0.26851085
-74.92,0.26850024
-74.93,0.2684895
-74.94000000000001,0.26847872
-74.95,0.268468
-74.96000000000001,0.26845732
-74.97000000000001,0.26844656
-74.98,0.26843587
-74.99000000000001,0.26842523
-75.0,0.26841444
-75.01,0.26840362
-75.02000000000001,0.26839298
-75.03,0.2683822
-75.04,0.26837155
-75.05000000000001,0.2683609
-75.06,0.26835012
-75.07000000000001,0.26833946
-75.08000000000001,0.26832873
-75.09,0.26831803
-75.10000000000001,0.26830736
-75.11000000000001,0.26829666
-75.12,0.26828587
-75.13000000000001,0.2682753
-75.14,0.26826456
-75.15,0.26825386
-75.16000000000001,0.26824313
-75.17,0.26823255
-75.18,0.26822183
-75.19000000000001,0.2682111
-75.2,0.26820046
-75.21000000000001,0.26818976
-75.22000000000001,0.26817903
-75.23,0.26816845
-75.24000000000001,0.26815772
-75.25,0.2681471
-75.26,0.26813644
-75.27000000000001,0.26812583
-75.28,0.2681151
-75.29,0.26810443
-75.30000000000001,0.26809376
-75.31,0.26808316
-75.32000000000001,0.2680725
-75.33000000000001,0.2680619
-75.34,0.2680512
-75.35000000000001,0.26804048
-75.36000000000001,0.26802987
-75.37,0.2680192
-75.38000000000001,0.26800865
-75.39,0.267998
-75.4,0.26798734
-75.41000000000001,0.26797667
-75.42,0.267966
-75.43,0.26795533
-75.44000000000001,0.26794472
-75.45,0.2679342
-75.46000000000001,0.26792347
-75.47000000000001,0.2679129
-75.48,0.2679022
-75.49000000000001,0.2678916
-75.5,0.26788104
-75.51,0.26787043
-75.52000000000001,0.26785985
-75.53,0.2678491
-75.54,0.26783854
-75.55000000000001,0.2678279
-75.56,0.26781738
-75.57000000000001,0.2678067
-75.58000000000001,0.26779616
-75.59,0.26778543
-75.60000000000001,0.26777494
-75.61000000000001,0.2677643
-75.62,0.26775372
-75.63000000000001,0.2677431
-75.64,0.26773256
-75.65,0.26772195
-75.66000000000001,0.26771134
-75.67,0.2677008
-75.68,0.26769018
-75.69000000000001,0.26767957
-75.7,0.26766905
-75.71000000000001,0.26765838
-75.72000000000001,0.26764786
-75.73,0.26763734
-75.74000000000001,0.26762673
-75.75,0.2676161
-75.76,0.2676056
-75.77000000000001,0.267595
-75.78,0.26758438
-75.79,0.26757392
-75.80000000000001,0.26756334
-75.81,0.26755267
-75.82000000000001,0.26754215
-75.83000000000001,0.2675317
-75.84,0.26752114
-75.85000000000001,0.2675106
-75.86000000000001,0.2675
-75.87,0.2674894
-75.88000000000001,0.26747897
-75.89,0.2674683
-75.9,0.26745778
-75.91000000000001,0.26744723
-75.92,0.26743668
-75.93,0.26742613
-75.94000000000001,0.26741558
-75.95,0.26740518
-75.96000000000001,0.26739454
-75.97000000000001,0.26738402
-75.98,0.26737353
-75.99000000000001,0.26736304
-76.0,0.2673525
-76.01,0.26734197
-76.02000000000001,0.26733145
-76.03,0.2673209
-76.04,0.26731038
-76.05000000000001,0.26729995
-76.06,0.2672893
-76.07000000000001,0.26727885
-76.08000000000001,0.26726836
-76.09,0.2672579
-76.10000000000001,0.2672473
-76.11000000000001,0.26723683
-76.12,0.26722637
-76.13000000000001,0.2672159
-76.14,0.26720536
-76.15,0.26719493
-76.16000000000001,0.26718432
-76.17,0.2671738
-76.18,0.2671634
-76.19000000000001,0.26715288
-76.2,0.2671424
-76.21000000000001,0.2671319
-76.22000000000001,0.26712143
-76.23,0.2671109
-76.24000000000001,0.2671005
-76.25,0.2670899
-76.26,0.2670795
-76.27000000000001,0.2670691
-76.28,0.2670586
-76.29,0.26704812
-76.30000000000001,0.26703766
-76.31,0.26702723
-76.32000000000001,0.26701668
-76.33000000000001,0.26700622
-76.34,0.26699576
-76.35000000000001,0.26698536
-76.36000000000001,0.26697487
-76.37,0.26696444
-76.38000000000001,0.26695403
-76.39,0.2669435
-76.4,0.2669331
-76.41000000000001,0.26692268
-76.42,0.26691225
-76.43,0.2669018
-76.44000000000001,0.2668913
-76.45,0.2668809
-76.46000000000001,0.26687053
-76.47000000000001,0.2668601
-76.48,0.26684967
-76.49000000000001,0.26683912
-76.5,0.26682872
-76.51,0.2668183
-76.52000000000001,0.26680782
-76.53,0.26679748
-76.54,0.2667871
-76.55000000000001,0.26677662
-76.56,0.26676622
-76.57000000000001,0.2667558
-76.58000000000001,0.26674536
-76.59,0.266735
-76.60000000000001,0.26672462
-76.61000000000001,0.26671413
-76.62,0.26670372
-76.63000000000001,0.26669332
-76.64,0.26668292
-76.65,0.26667252
-76.66000000000001,0.2666621
-76.67,0.2666517
-76.68,0.26664138
-76.69000000000001,0.26663104
-76.7,0.26662058
-76.71000000000001,0.26661023
-76.72000000000001,0.2665998
-76.73,0.26658943
-76.74000000000001,0.2665791
-76.75,0.2665686
-76.76,0.2665582
-76.77000000000001,0.26654792
-76.78,0.26653752
-76.79,0.26652712
-76.80000000000001,0.2665168
-76.81,0.26650637
-76.82000000000001,0.2664961
-76.83000000000001,0.26648566
-76.84,0.26647538
-76.85000000000001,0.26646498
-76.86000000000001,0.26645467
-76.87,0.26644424
-76.88000000000001,0.26643386
-76.89,0.26642355
-76.9,0.26641324
-76.91000000000001,0.26640287
-76.92,0.26639244
-76.93,0.2663822
-76.94000000000001,0.2663718
-76.95,0.26636145
-76.96000000000001,0.26635116
-76.97000000000001,0.26634082
-76.98,0.26633042
-76.99000000000001,0.26632005
-77.0,0.26630977
-77.01,0.26629946
-77.02000000000001,0.26628914
-77.03,0.26627877
-77.04,0.26626846
-77.05000000000001,0.2662581
-77.06,0.2662478
-77.07000000000001,0.2662374
-77.08000000000001,0.26622716
-77.09,0.26621687
-77.10000000000001,0.26620653
-77.11000000000001,0.26619625
-77.12,0.26618594
-77.13000000000001,0.26617557
-77.14,0.26616523
-77.15,0.26615492
-77.16000000000001,0.2661447
-77.17,0.2661344
-77.18,0.2661241
-77.19000000000001,0.2661137
-77.2,0.26610348
-77.21000000000001,0.2660932
-77.22000000000001,0.26608285
-77.23,0.26607266
-77.24000000000001,0.2660623
-77.25,0.26605204
-77.26,0.2660417
-77.27000000000001,0.26603147
-77.28,0.26602125
-77.29,0.26601097
-77.30000000000001,0.26600063
-77.31,0.2659904
-77.32000000000001,0.26598012
-77.33000000000001,0.2659698
-77.34,0.2659595
-77.35000000000001,0.26594937
-77.36000000000001,0.265939
-77.37,0.2659288
-77.38000000000001,0.26591852
-77.39,0.26590824
-77.4,0.265898
-77.41000000000001,0.2658877
-77.42,0.26587743
-77.43,0.2658672
-77.44000000000001,0.26585695
-77.45,0.26584673
-77.46000000000001,0.26583642
-77.47000000000001,0.2658262
-77.48,0.26581597
-77.49000000000001,0.26580578
-77.5,0.26579547
-77.51,0.2657852
-77.52000000000001,0.26577497
-77.53,0.26576474
-77.54,0.26575458
-77.55000000000001,0.2657443
-77.56,0.2657341
-77.57000000000001,0.26572388
-77.58000000000001,0.2657136
-77.59,0.26570338
-77.60000000000001,0.2656932
-77.61000000000001,0.26568297
-77.62,0.2656728
-77.63000000000001,0.26566255
-77.64,0.26565236
-77.65,0.26564208
-77.66000000000001,0.2656319
-77.67,0.26562166
-77.68,0.26561144
-77.69000000000001,0.26560122
-77.7,0.26559108
-77.71000000000001,0.2655809
-77.72000000000001,0.26557067
-77.73,0.26556045
-77.74000000000001,0.26555035
-77.75,0.2655401
-77.76,0.2655299
-77.77000000000001,0.26551965
-77.78,0.2655096
-77.79,0.26549932
-77.80000000000001,0.2654892
-77.81,0.265479
-77.82000000000001,0.2654688
-77.83000000000001,0.2654586
-77.84,0.26544848
-77.85000000000001,0.26543823
-77.86000000000001,0.2654281
-77.87,0.26541784
-77.88000000000001,0.2654078
-77.89,0.26539758
-77.9,0.26538733
-77.91000000000001,0.26537716
-77.92,0.26536706
-77.93,0.2653569
-77.94000000000001,0.26534677
-77.95,0.2653366
-77.96000000000001,0.26532644
-77.97000000000001,0.26531625
-77.98,0.2653061
-77.99000000000001,0.26529598
-78.0,0.2652858
-78.01,0.26527566
-78.02000000000001,0.2652655
-78.03,0.26525536
-78.04,0.26524523
-78.05000000000001,0.26523516
-78.06,0.26522493
-78.07000000000001,0.2652148
-78.08000000000001,0.26520473
-78.09,0.2651946
-78.10000000000001,0.26518446
-78.11000000000001,0.2651744
-78.12,0.26516417
-78.13000000000001,0.2651541
-78.14,0.26514387
-78.15,0.26513377
-78.16000000000001,0.2651237
-78.17,0.26511356
-78.18,0.2651034
-78.19000000000001,0.26509333
-78.2,0.26508328
-78.21000000000001,0.26507315
-78.22000000000001,0.26506308
-78.23,0.26505288
-78.24000000000001,0.2650428
-78.25,0.26503262
-78.26,0.26502255
-78.27000000000001,0.26501256
-78.28,0.26500234
-78.29,0.2649923
-78.30000000000001,0.2649822
-78.31,0.26497206
-78.32000000000001,0.26496205
-78.33000000000001,0.2649519
-78.34,0.26494187
-78.35000000000001,0.26493174
-78.36000000000001,0.26492164
-78.37,0.26491162
-78.38000000000001,0.26490152
-78.39,0.26489145
-78.4,0.26488137
-78.41000000000001,0.26487133
-78.42,0.26486126
-78.43,0.26485118
-78.44000000000001,0.2648411
-78.45,0.264831
-78.46000000000001,0.2648209
-78.47000000000001,0.26481095
-78.48,0.26480085
-78.49000000000001,0.26479077
-78.5,0.26478064
-78.51,0.26477072
-78.52000000000001,0.26476058
-78.53,0.26475063
-78.54,0.2647406
-78.55000000000001,0.26473045
-78.56,0.2647204
-78.57000000000001,0.26471037
-78.58000000000001,0.26470038
-78.59,0.26469034
-78.60000000000001,0.26468024
-78.61000000000001,0.26467016
-78.62,0.2646602
-78.63000000000001,0.26465023
-78.64,0.26464015
-78.65,0.26463002
-78.66000000000001,0.26462007
-78.67,0.26461002
-78.68,0.26459995
-78.69000000000001,0.26459005
-78.7,0.26457995
-78.71000000000001,0.2645699
-78.72000000000001,0.26455995
-78.73,0.2645499
-78.74000000000001,0.26453984
-78.75,0.26452985
-78.76,0.26451987
-78.77000000000001,0.2645099
-78.78,0.2644999
-78.79,0.2644899
-78.80000000000001,0.26447982
-78.81,0.2644699
-78.82000000000001,0.26445988
-78.83000000000001,0.26444986
-78.84,0.2644398
-78.85000000000001,0.26442978
-78.86000000000001,0.26441985
-78.87,0.26440987
-78.88000000000001,0.26439992
-78.89,0.26438984
-78.9,0.26437995
-78.91000000000001,0.26436993
-78.92,0.26436
-78.93,0.26435
-78.94000000000001,0.26434
-78.95,0.26433003
-78.96000000000001,0.26432014
-78.97000000000001,0.26431
-78.98,0.26430005
-78.99000000000001,0.26429018
-79.0,0.26428017
-79.01,0.2642702
-79.02000000000001,0.26426026
-79.03,0.26425028
-79.04,0.26424032
-79.05000000000001,0.2642303
-79.06,0.26422036
-79.07000000000001,0.26421046
-79.08000000000001,0.2642005
-79.09,0.26419055
-79.10000000000001,0.2641806
-79.11000000000001,0.26417065
-79.12,0.26416066
-79.13000000000001,0.26415083
-79.14,0.26414087
-79.15,0.26413086
-79.16000000000001,0.26412094
-79.17,0.26411104
-79.18,0.26410115
-79.19000000000001,0.2640911
-79.2,0.26408112
-79.21000000000001,0.2640713
-79.22000000000001,0.26406127
-79.23,0.2640514
-79.24000000000001,0.26404142
-79.25,0.2640316
-79.26,0.2640216
-79.27000000000001,0.26401174
-79.28,0.26400182
-79.29,0.26399186
-79.30000000000001,0.263982
-79.31,0.263972
-79.32000000000001,0.26396218
-79.33000000000001,0.26395229
-79.34,0.26394218
-79.35000000000001,0.26393247
-79.36000000000001,0.26392248
-79.37,0.26391256
-79.38000000000001,0.2639027
-79.39,0.26389283
-79.4,0.2638829
-79.41000000000001,0.26387304
-79.42,0.26386312
-79.43,0.26385328
-79.44000000000001,0.26384342
-79.45,0.26383343
-79.46000000000001,0.2638236
-79.47000000000001,0.26381373
-79.48,0.26380372
-79.49000000000001,0.26379392
-79.5,0.26378402
-79.51,0.26377422
-79.52000000000001,0.26376426
-79.53,0.26375443
-79.54,0.2637446
-79.55000000000001,0.2637347
-79.56,0.26372474
-79.57000000000001,0.26371497
-79.58000000000001,0.26370507
-79.59,0.2636952
-79.60000000000001,0.2636853
-79.61000000000001,0.26367548
-79.62,0.26366562
-79.63000000000001,0.26365578
-79.64,0.2636459
-79.65,0.26363614
-79.66000000000001,0.2636262
-79.67,0.26361635
-79.68,0.2636065
-79.69000000000001,0.2635966
-79.7,0.26358676
-79.71000000000001,0.26357698
-79.72000000000001,0.26356715
-79.73,0.26355726
-79.74000000000001,0.26354754
-79.75,0.26353756
-79.76,0.26352775
-79.77000000000001,0.26351798
-79.78,0.2635082
-79.79,0.26349825
-79.80000000000001,0.26348847
-79.81,0.26347873
-79.82000000000001,0.26346886
-79.83000000000001,0.26345906
-79.84,0.2634492
-79.85000000000001,0.26343936
-79.86000000000001,0.26342958
-79.87,0.2634198
-79.88000000000001,0.26340997
-79.89,0.26340014
-79.9,0.26339033
-79.91000000000001,0.2633805
-79.92,0.26337063
-79.93,0.26336095
-79.94000000000001,0.26335108
-79.95,0.2633413
-79.96000000000001,0.26333147
-79.97000000000001,0.26332173
-79.98,0.26331192
-79.99000000000001,0.26330215
-80.0,0.26329237
-80.01,0.26328257
-80.02000000000001,0.26327273
-80.03,0.26326296
-80.04,0.26325315
-80.05000000000001,0.26324347
-80.06,0.2632336
-80.07000000000001,0.26322383
-80.08000000000001,0.26321408
-80.09,0.2632043
-80.10000000000001,0.2631945
-80.11000000000001,0.26318467
-80.12,0.26317495
-80.13000000000001,0.2631652
-80.14,0.26315537
-80.15,0.2631457
-80.16000000000001,0.2631359
-80.17,0.26312602
-80.18,0.2631164
-80.19000000000001,0.26310658
-80.2,0.2630968
-80.21000000000001,0.2630871
-80.22000000000001,0.26307735
-80.23,0.26306757
-80.24000000000001,0.26305786
-80.25,0.26304808
-80.26,0.2630384
-80.27000000000001,0.26302865
-80.28,0.26301888
-80.29,0.2630091
-80.30000000000001,0.2629994
-80.31,0.26298964
-80.32000000000001,0.26297995
-80.33000000000001,0.26297018
-80.34,0.2629604
-80.35000000000001,0.2629507
-80.36000000000001,0.262941
-80.37,0.26293126
-80.38000000000001,0.26292154
-80.39,0.2629118
-80.4,0.26290205
-80.41000000000001,0.26289237
-80.42,0.2628827
-80.43,0.2628729
-80.44000000000001,0.26286325
-80.45,0.26285353
-80.46000000000001,0.2628438
-80.47000000000001,0.262834
-80.48,0.26282436
-80.49000000000001,0.2628147
-80.5,0.26280499
-80.51,0.2627952
-80.52000000000001,0.26278555
-80.53,0.26277587
-80.54,0.26276615
-80.55000000000001,0.2627564
-80.56,0.26274672
-80.57000000000001,0.26273713
-80.58000000000001,0.26272732
-80.59,0.26271763
-80.60000000000001,0.262708
-80.61000000000001,0.26269832
-80.62,0.26268873
-80.63000000000001,0.26267892
-80.64,0.2626693
-80.65,0.26265958
-80.66000000000001,0.26264986
-80.67,0.2626403
-80.68,0.2626306
-80.69000000000001,0.26262084
-80.7,0.2626112
-80.71000000000001,0.26260152
-80.72000000000001,0.26259184
-80.73,0.2625822
-80.74000000000001,0.2625726
-80.75,0.26256284
-80.76,0.2625532
-80.77000000000001,0.26254356
-80.78,0.2625339
-80.79,0.26252425
-80.80000000000001,0.26251465
-80.81,0.26250494
-80.82000000000001,0.2624953
-80.83000000000001,0.26248562
-80.84,0.26247606
-80.85000000000001,0.2624663
-80.86000000000001,0.26245677
-80.87,0.2624471
-80.88000000000001,0.26243743
-80.89,0.26242787
-80.9,0.2624182
-80.91000000000001,0.26240855
-80.92,0.26239884
-80.93,0.26238918
-80.94000000000001,0.26237962
-80.95,0.26237005
-80.96000000000001,0.26236045
-80.97000000000001,0.26235074
-80.98,0.26234117
-80.99000000000001,0.26233158
-81.0,0.26232183
-81.01,0.26231223
-81.02000000000001,0.26230264
-81.03,0.2622931
-81.04,0.2622834
-81.05000000000001,0.2622738
-81.06,0.26226416
-81.07000000000001,0.26225466
-81.08000000000001,0.26224503
-81.09,0.26223543
-81.10000000000001,0.26222578
-81.11000000000001,0.26221624
-81.12,0.26220664
-81.13000000000001,0.26219696
-81.14,0.26218742
-81.15,0.26217788
-81.16000000000001,0.26216817
-81.17,0.26215866
-81.18,0.26214907
-81.19000000000001,0.26213944
-81.2,0.2621298
-81.21000000000001,0.26212034
-81.22000000000001,0.2621107
-81.23,0.26210114
-81.24000000000001,0.26209155
-81.25,0.26208198
-81.26,0.26207238
-81.27000000000001,0.26206285
-81.28,0.26205322
-81.29,0.2620437
-81.30000000000001,0.26203403
-81.31,0.26202452
-81.32000000000001,0.26201499
-81.33000000000001,0.26200542
-81.34,0.26199585
-81.35000000000001,0.2619863
-81.36000000000001,0.26197663
-81.37,0.2619671
-81.38000000000001,0.2619576
-81.39,0.26194802
-81.4,0.26193845
-81.41000000000001,0.26192892
-81.42,0.26191932
-81.43,0.26190978
-81.44000000000001,0.26190037
-81.45,0.2618908
-81.46000000000001,0.26188114
-81.47000000000001,0.26187173
-81.48,0.26186213
-81.49000000000001,0.26185265
-81.5,0.2618431
-81.51,0.2618336
-81.52000000000001,0.261824
-81.53,0.26181456
-81.54,0.2618049
-81.55000000000001,0.2617954
-81.56,0.2617859
-81.57000000000001,0.26177633
-81.58000000000001,0.26176688
-81.59,0.2617573
-81.60000000000001,0.26174775
-81.61000000000001,0.26173824
-81.62,0.26172885
-81.63000000000001,0.26171923
-81.64,0.26170975
-81.65,0.26170027
-81.66000000000001,0.26169068
-81.67,0.26168117
-81.68,0.2616717
-81.69000000000001,0.2616622
-81.7,0.2616527
-81.71000000000001,0.26164326
-81.72000000000001,0.26163375
-81.73,0.2616242
-81.74000000000001,0.26161474
-81.75,0.26160523
-81.76,0.2615958
-81.77000000000001,0.26158625
-81.78,0.26157674
-81.79,0.26156726
-81.80000000000001,0.26155776
-81.81,0.2615483
-81.82000000000001,0.26153877
-81.83000000000001,0.26152933
-81.84,0.2615199
-81.85000000000001,0.26151043
-81.86000000000001,0.2615009
-81.87,0.26149142
-81.88000000000001,0.26148194
-81.89,0.26147243
-81.9,0.26146302
-81.91000000000001,0.26145357
-81.92,0.2614441
-81.93,0.2614346
-81.94000000000001,0.26142523
-81.95,0.26141563
-81.96000000000001,0.26140627
-81.97000000000001,0.26139674
-81.98,0.26138735
-81.99000000000001,0.26137784
-82.0,0.26136842
-82.01,0.26135892
-82.02000000000001,0.26134956
-82.03,0.26134008
-82.04,0.26133066
-82.05000000000001,0.26132116
-82.06,0.26131177
-82.07000000000001,0.26130235
-82.08000000000001,0.26129287
-82.09,0.2612835
-82.10000000000001,0.26127398
-82.11000000000001,0.26126462
-82.12,0.26125512
-82.13000000000001,0.2612457
-82.14,0.26123634
-82.15,0.26122683
-82.16000000000001,0.26121747
-82.17,0.26120797
-82.18,0.26119852
-82.19000000000001,0.2611891
-82.2,0.2611797
-82.21000000000001,0.2611703
-82.22000000000001,0.26116088
-82.23,0.2611515
-82.24000000000001,0.26114202
-82.25,0.2611327
-82.26,0.26112318
-82.27000000000001,0.26111385
-82.28,0.26110435
-82.29,0.26109502
-82.30000000000001,0.2610856
-82.31,0.26107624
-82.32000000000001,0.26106676
-82.33000000000001,0.26105744
-82.34,0.261048
-82.35000000000001,0.26103863
-82.36000000000001,0.26102918
-82.37,0.2610199
-82.38000000000001,0.2610105
-82.39,0.26100105
-82.4,0.26099172
-82.41000000000001,0.26098233
-82.42,0.26097292
-82.43,0.26096353
-82.44000000000001,0.26095414
-82.45,0.2609448
-82.46000000000001,0.26093543
-82.47000000000001,0.26092604
-82.48,0.26091668
-82.49000000000001,0.26090726
-82.5,0.2608979
-82.51,0.2608885
-82.52000000000001,0.26087916
-82.53,0.26086983
-82.54,0.26086047
-82.55000000000001,0.2608511
-82.56,0.26084182
-82.57000000000001,0.26083237
-82.58000000000001,0.260823
-82.59,0.26081368
-82.60000000000001,0.26080433
-82.61000000000001,0.26079494
-82.62,0.26078558
-82.63000000000001,0.26077622
-82.64,0.26076692
-82.65,0.26075754
-82.66000000000001,0.26074818
-82.67,0.26073888
-82.68,0.26072955
-82.69000000000001,0.26072022
-82.7,0.26071084
-82.71000000000001,0.26070157
-82.72000000000001,0.26069215
-82.73,0.26068285
-82.74000000000001,0.26067346
-82.75,0.2606642
-82.76,0.26065484
-82.77000000000001,0.26064557
-82.78,0.26063615
-82.79,0.26062688
-82.80000000000001,0.2606175
-82.81,0.26060826
-82.82000000000001,0.26059896
-82.83000000000001,0.2605897
-82.84,0.26058024
-82.85000000000001,0.260571
-82.86000000000001,0.26056162
-82.87,0.26055235
-82.88000000000001,0.26054305
-82.89,0.26053372
-82.9,0.26052448
-82.91000000000001,0.26051512
-82.92,0.26050583
-82.93,0.2604965
-82.94000000000001,0.2604872
-82.95,0.26047796
-82.96000000000001,0.2604687
-82.97000000000001,0.26045936
-82.98,0.26045007
-82.99000000000001,0.26044077
-83.0,0.2604315
-83.01,0.26042217
-83.02000000000001,0.2604129
-83.03,0.2604036
-83.04,0.26039428
-83.05000000000001,0.2603851
-83.06,0.26037574
-83.07000000000001,0.26036656
-83.08000000000001,0.26035726
-83.09,0.260348
-83.10000000000001,0.2603386
-83.11000000000001,0.26032946
-83.12,0.2603202
-83.13000000000001,0.26031092
-83.14,0.26030168
-83.15,0.26029238
-83.16000000000001,0.2602831
-83.17,0.26027384
-83.18,0.26026455
-83.19000000000001,0.2602553
-83.2,0.26024607
-83.21000000000001,0.26023683
-83.22000000000001,0.26022756
-83.23,0.26021823
-83.24000000000001,0.260209
-83.25,0.26019982
-83.26,0.26019052
-83.27000000000001,0.26018137
-83.28,0.26017204
-83.29,0.2601628
-83.30000000000001,0.26015356
-83.31,0.26014438
-83.32000000000001,0.26013517
-83.33000000000001,0.26012582
-83.34,0.26011664
-83.35000000000001,0.26010734
-83.36000000000001,0.2600982
-83.37,0.26008898
-83.38000000000001,0.26007974
-83.39,0.26007053
-83.4,0.26006126
-83.41000000000001,0.260052
-83.42,0.26004282
-83.43,0.26003364
-83.44000000000001,0.26002437
-83.45,0.26001522
-83.46000000000001,0.26000592
-83.47000000000001,0.2599968
-83.48,0.25998753
-83.49000000000001,0.2599783
-83.5,0.25996917
-83.51,0.25996
-83.52000000000001,0.2599507
-83.53,0.2599415
-83.54,0.25993228
-83.55000000000001,0.25992322
-83.56,0.25991395
-83.57000000000001,0.2599048
-83.58000000000001,0.25989556
-83.59,0.25988632
-83.60000000000001,0.2598771
-83.61000000000001,0.25986797
-83.62,0.25985873
-83.63000000000001,0.25984955
-83.64,0.25984037
-83.65,0.2598311
-83.66000000000001,0.25982192
-83.67,0.2598128
-83.68,0.25980365
-83.69000000000001,0.2597944
-83.7,0.2597853
-83.71000000000001,0.2597761
-83.72000000000001,0.2597669
-83.73,0.25975782
-83.74000000000001,0.25974852
-83.75,0.25973934
-83.76,0.2597303
-83.77000000000001,0.2597212
-83.78,0.2597119
-83.79,0.2597027
-83.80000000000001,0.2596936
-83.81,0.25968444
-83.82000000000001,0.25967526
-83.83000000000001,0.25966617
-83.84,0.259657
-83.85000000000001,0.2596479
-83.86000000000001,0.25963867
-83.87,0.25962955
-83.88000000000001,0.25962043
-83.89,0.25961128
-83.9,0.2596021
-83.91000000000001,0.25959292
-83.92,0.2595839
-83.93,0.25957468
-83.94000000000001,0.2595656
-83.95,0.2595564
-83.96000000000001,0.25954735
-83.97000000000001,0.2595381
-83.98,0.25952893
-83.99000000000001,0.2595198
-84.0,0.25951073
-84.01,0.2595016
-84.02000000000001,0.25949243
-84.03,0.25948328
-84.04,0.25947413
-84.05000000000001,0.25946513
-84.06,0.25945598
-84.07000000000001,0.25944686
-84.08000000000001,0.25943774
-84.09,0.25942862
-84.10000000000001,0.2594195
-84.11000000000001,0.25941035
-84.12,0.25940135
-84.13000000000001,0.25939217
-84.14,0.25938308
-84.15,0.25937396
-84.16000000000001,0.2593649
-84.17,0.25935575
-84.18,0.25934663
-84.19000000000001,0.25933757
-84.2,0.2593285
-84.21000000000001,0.2593193
-84.22000000000001,0.25931028
-84.23,0.2593011
-84.24000000000001,0.2592921
-84.25,0.259283
-84.26,0.2592739
-84.27000000000001,0.2592648
-84.28,0.2592558
-84.29,0.25924665
-84.30000000000001,0.2592376
-84.31,0.25922844
-84.32000000000001,0.25921944
-84.33000000000001,0.2592104
-84.34,0.2592013
-84.35000000000001,0.2591922
-84.36000000000001,0.25918305
-84.37,0.25917402
-84.38000000000001,0.25916505
-84.39,0.25915593
-84.4,0.2591468
-84.41000000000001,0.25913778
-84.42,0.25912872
-84.43,0.2591197
-84.44000000000001,0.25911054
-84.45,0.2591015
-84.46000000000001,0.25909245
-84.47000000000001,0.25908342
-84.48,0.25907436
-84.49000000000001,0.25906536
-84.5,0.25905624
-84.51,0.25904715
-84.52000000000001,0.25903812
-84.53,0.25902912
-84.54,0.25902006
-84.55000000000001,0.259011
-84.56,0.259002
-84.57000000000001,0.25899294
-84.58000000000001,0.2589839
-84.59,0.25897488
-84.60000000000001,0.25896585
-84.61000000000001,0.2589568
-84.62,0.2589478
-84.63000000000001,0.2589387
-84.64,0.2589298
-84.65,0.2589206
-84.66000000000001,0.2589117
-84.67,0.2589026
-84.68,0.25889358
-84.69000000000001,0.2588846
-84.7,0.25887558
-84.71000000000001,0.2588666
-84.72000000000001,0.25885758
-84.73,0.25884852
-84.74000000000001,0.25883955
-84.75,0.25883043
-84.76,0.25882158
-84.77000000000001,0.25881243
-84.78,0.2588035
-84.79,0.25879455
-84.80000000000001,0.25878537
-84.81,0.2587764
-84.82000000000001,0.2587675
-84.83000000000001,0.2587585
-84.84,0.2587495
-84.85000000000001,0.25874045
-84.86000000000001,0.2587314
-84.87,0.25872248
-84.88000000000001,0.2587135
-84.89,0.25870448
-84.9,0.25869548
-84.91000000000001,0.2586865
-84.92,0.25867757
-84.93,0.25866857
-84.94000000000001,0.25865954
-84.95,0.2586505
-84.96000000000001,0.25864157
-84.97000000000001,0.25863266
-84.98,0.2586236
-84.99000000000001,0.25861472
-85.0,0.25860566
-85.01,0.25859672
-85.02000000000001,0.25858787
-85.03,0.25857878
-85.04,0.25856984
-85.05000000000001,0.2585608
-85.06,0.2585519
-85.07000000000001,0.25854293
-85.08000000000001,0.25853395
-85.09,0.25852504
-85.10000000000001,0.258516
-85.11000000000001,0.2585071
-85.12,0.2584981
-85.13000000000001,0.2584892
-85.14,0.25848025
-85.15,0.25847128
-85.16000000000001,0.2584623
-85.17,0.25845343
-85.18,0.25844446
-85.19000000000001,0.25843546
-85.2,0.25842658
-85.21000000000001,0.25841764
-85.22000000000001,0.2584086
-85.23,0.25839972
-85.24000000000001,0.25839078
-85.25,0.25838193
-85.26,0.25837296
-85.27000000000001,0.25836396
-85.28,0.25835505
-85.29,0.2583462
-85.30000000000001,0.2583372
-85.31,0.25832832
-85.32000000000001,0.25831938
-85.33000000000001,0.25831044
-85.34,0.2583016
-85.35000000000001,0.25829262
-85.36000000000001,0.25828364
-85.37,0.25827476
-85.38000000000001,0.25826582
-85.39,0.25825694
-85.4,0.258248
-85.41000000000001,0.25823915
-85.42,0.25823015
-85.43,0.25822127
-85.44000000000001,0.25821236
-85.45,0.2582035
-85.46000000000001,0.25819457
-85.47000000000001,0.2581857
-85.48,0.2581768
-85.49000000000001,0.25816792
-85.5,0.25815895
-85.51,0.2581501
-85.52000000000001,0.25814116
-85.53,0.2581323
-85.54,0.25812334
-85.55000000000001,0.25811452
-85.56,0.2581056
-85.57000000000001,0.25809675
-85.58000000000001,0.25808784
-85.59,0.25807896
-85.60000000000001,0.25807005
-85.61000000000001,0.2580612
-85.62,0.2580524
-85.63000000000001,0.25804347
-85.64,0.25803456
-85.65,0.25802565
-85.66000000000001,0.25801674
-85.67,0.2580079
-85.68,0.25799915
-85.69000000000001,0.2579902
-85.7,0.25798133
-85.71000000000001,0.2579725
-85.72000000000001,0.25796366
-85.73,0.25795472
-85.74000000000001,0.25794592
-85.75,0.25793707
-85.76,0.25792816
-85.77000000000001,0.2579193
-85.78,0.25791046
-85.79,0.25790164
-85.80000000000001,0.25789273
-85.81,0.257884
-85.82000000000001,0.25787508
-85.83000000000001,0.25786626
-85.84,0.2578573
-85.85000000000001,0.25784862
-85.86000000000001,0.2578397
-85.87,0.25783083
-85.88000000000001,0.25782192
-85.89,0.25781316
-85.9,0.25780436
-85.91000000000001,0.25779542
-85.92,0.25778663
-85.93,0.25777784
-85.94000000000001,0.25776908
-85.95,0.25776017
-85.96000000000001,0.25775132
-85.97000000000001,0.25774252
-85.98,0.2577337
-85.99000000000001,0.25772488
-86.0,0.25771603
-86.01,0.2577073
-86.02000000000001,0.25769842
-86.03,0.25768963
-86.04,0.25768074
-86.05000000000001,0.257672
-86.06,0.25766316
-86.07000000000001,0.25765434
-86.08000000000001,0.25764558
-86.09,0.2576367
-86.10000000000001,0.25762793
-86.11000000000001,0.25761914
-86.12,0.2576103
-86.13000000000001,0.25760153
-86.14,0.25759268
-86.15,0.25758392
-86.16000000000001,0.257575
-86.17,0.2575663
-86.18,0.25755754
-86.19000000000001,0.2575487
-86.2,0.2575399
-86.21000000000001,0.25753114
-86.22000000000001,0.2575224
-86.23,0.25751355
-86.24000000000001,0.2575048
-86.25,0.25749597
-86.26,0.2574872
-86.27000000000001,0.2574784
-86.28,0.25746965
-86.29,0.2574609
-86.30000000000001,0.25745204
-86.31,0.2574433
-86.32000000000001,0.25743455
-86.33000000000001,0.25742576
-86.34,0.25741702
-86.35000000000001,0.2574082
-86.36000000000001,0.2573995
-86.37,0.25739062
-86.38000000000001,0.25738195
-86.39,0.25737315
-86.4,0.25736442
-86.41000000000001,0.25735563
-86.42,0.25734687
-86.43,0.25733814
-86.44000000000001,0.25732934
-86.45,0.25732055
-86.46000000000001,0.25731185
-86.47000000000001,0.25730312
-86.48,0.25729433
-86.49000000000001,0.2572856
-86.5,0.2572768
-86.51,0.25726816
-86.52000000000001,0.25725937
-86.53,0.25725067
-86.54,0.2572419
-86.55000000000001,0.25723308
-86.56,0.25722438
-86.57000000000001,0.2572157
-86.58000000000001,0.25720695
-86.59,0.2571982
-86.60000000000001,0.2571894
-86.61000000000001,0.25718072
-86.62,0.25717196
-86.63000000000001,0.2571633
-86.64,0.25715458
-86.65,0.25714588
-86.66000000000001,0.25713712
-86.67,0.2571284
-86.68,0.25711963
-86.69000000000001,0.25711092
-86.7,0.25710225
-86.71000000000001,0.25709352
-86.72000000000001,0.2570848
-86.73,0.257076
-86.74000000000001,0.25706738
-86.75,0.25705862
-86.76,0.25704992
-86.77000000000001,0.25704125
-86.78,0.2570325
-86.79,0.25702384
-86.80000000000001,0.2570151
-86.81,0.25700644
-86.82000000000001,0.25699773
-86.83000000000001,0.25698906
-86.84,0.25698033
-86.85000000000001,0.25697163
-86.86000000000001,0.2569629
-86.87,0.2569542
-86.88000000000001,0.25694552
-86.89,0.2569368
-86.9,0.25692824
-86.91000000000001,0.25691944
-86.92,0.25691083
-86.93,0.25690213
-86.94000000000001,0.2568934
-86.95,0.25688475
-86.96000000000001,0.25687608
-86.97000000000001,0.25686735
-86.98,0.25685874
-86.99000000000001,0.2568501
-87.0,0.2568414
-87.01,0.25683272
-87.02000000000001,0.25682408
-87.03,0.2568154
-87.04,0.25680664
-87.05000000000001,0.25679803
-87.06,0.25678933
-87.07000000000001,0.25678074
-87.08000000000001,0.25677204
-87.09,0.2567634
-87.10000000000001,0.2567547
-87.11000000000001,0.25674608
-87.12,0.25673744
-87.13000000000001,0.25672874
-87.14,0.25672013
-87.15,0.25671145
-87.16000000000001,0.25670278
-87.17,0.2566941
-87.18,0.25668553
-87.19000000000001,0.25667682
-87.2,0.25666818
-87.21000000000001,0.2566596
-87.22000000000001,0.25665084
-87.23,0.25664234
-87.24000000000001,0.25663367
-87.25,0.256625
-87.26,0.25661638
-87.27000000000001,0.2566078
-87.28,0.25659907
-87.29,0.2565905
-87.30000000000001,0.25658184
-87.31,0.25657323
-87.32000000000001,0.2565646
-87.33000000000001,0.25655597
-87.34,0.25654733
-87.35000000000001,0.25653872
-87.36000000000001,0.25653014
-87.37,0.2565215
-87.38000000000001,0.2565129
-87.39,0.2565042
-87.4,0.25649557
-87.41000000000001,0.25648698
-87.42,0.25647837
-87.43,0.25646982
-87.44000000000001,0.25646117
-87.45,0.25645262
-87.46000000000001,0.25644398
-87.47000000000001,0.25643533
-87.48,0.25642675
-87.49000000000001,0.25641814
-87.5,0.2564096
-87.51,0.25640097
-87.52000000000001,0.2563924
-87.53,0.25638378
-87.54,0.25637513
-87.55000000000001,0.2563666
-87.56,0.25635797
-87.57000000000001,0.25634953
-87.58000000000001,0.25634077
-87.59,0.2563322
-87.60000000000001,0.25632355
-87.61000000000001,0.2563151
-87.62,0.2563065
-87.63000000000001,0.25629786
-87.64,0.2562894
-87.65,0.25628063
-87.66000000000001,0.25627214
-87.67,0.25626358
-87.68,0.25625503
-87.69000000000001,0.2562464
-87.7,0.2562379
-87.71000000000001,0.25622928
-87.72000000000001,0.25622076
-87.73,0.2562121
-87.74000000000001,0.25620356
-87.75,0.25619492
-87.76,0.2561865
-87.77000000000001,0.2561779
-87.78,0.25616935
-87.79,0.2561607
-87.80000000000001,0.25615224
-87.81,0.25614363
-87.82000000000001,0.25613502
-87.83000000000001,0.25612655
-87.84,0.25611803
-87.85000000000001,0.25610945
-87.86000000000001,0.2561009
-87.87,0.25609234
-87.88000000000001,0.25608382
-87.89,0.25607526
-87.9,0.2560667
-87.91000000000001,0.25605816
-87.92,0.25604963
-87.93,0.2560411
-87.94000000000001,0.2560326
-87.95,0.25602406
-87.96000000000001,0.25601548
-87.97000000000001,0.25600702
-87.98,0.25599843
-87.99000000000001,0.2559899
-88.0,0.25598142
-88.01,0.25597286
-88.02000000000001,0.25596437
-88.03,0.2559558
-88.04,0.25594723
-88.05000000000001,0.25593874
-88.06,0.25593027
-88.07000000000001,0.25592178
-88.08000000000001,0.25591317
-88.09,0.25590464
-88.10000000000001,0.25589615
-88.11000000000001,0.25588763
-88.12,0.25587913
-88.13000000000001,0.25587064
-88.14,0.25586212
-88.15,0.2558535
-88.16000000000001,0.25584504
-88.17,0.25583664
-88.18,0.25582808
-88.19000000000001,0.2558196
-88.2,0.25581107
-88.21000000000001,0.25580263
-88.22000000000001,0.2557941
-88.23,0.25578552
-88.24000000000001,0.25577703
-88.25,0.2557686
-88.26,0.2557601
-88.27000000000001,0.25575164
-88.28,0.25574318
-88.29,0.25573456
-88.30000000000001,0.25572616
-88.31,0.25571766
-88.32000000000001,0.2557092
-88.33000000000001,0.2557007
-88.34,0.25569224
-88.35000000000001,0.25568375
-88.36000000000001,0.25567523
-88.37,0.25566685
-88.38000000000001,0.25565842
-88.39,0.25564983
-88.4,0.25564137
-88.41000000000001,0.2556329
-88.42,0.25562453
-88.43,0.255616
-88.44000000000001,0.25560755
-88.45,0.25559902
-88.46000000000001,0.25559047
-88.47000000000001,0.2555821
-88.48,0.25557363
-88.49000000000001,0.25556526
-88.5,0.25555676
-88.51,0.2555482
-88.52000000000001,0.25553983
-88.53,0.2555313
-88.54,0.25552294
-88.55000000000001,0.25551453
-88.56,0.25550607
-88.57000000000001,0.25549763
-88.58000000000001,0.25548914
-88.59,0.2554807
-88.60000000000001,0.25547227
-88.61000000000001,0.2554638
-88.62,0.25545534
-88.63000000000001,0.2554469
-88.64,0.25543848
-88.65,0.25543004
-88.66000000000001,0.2554216
-88.67,0.2554132
-88.68,0.2554048
-88.69000000000001,0.2553964
-88.7,0.25538787
-88.71000000000001,0.25537938
-88.72000000000001,0.25537091
-88.73,0.25536254
-88.74000000000001,0.2553542
-88.75,0.25534573
-88.76,0.25533736
-88.77000000000001,0.25532892
-88.78,0.25532043
-88.79,0.25531211
-88.80000000000001,0.25530362
-88.81,0.25529528
-88.82000000000001,0.25528687
-88.83000000000001,0.2552784
-88.84,0.25527
-88.85000000000001,0.25526163
-88.86000000000001,0.2552532
-88.87,0.25524488
-88.88000000000001,0.25523642
-88.89,0.25522804
-88.9,0.2552196
-88.91000000000001,0.2552111
-88.92,0.25520274
-88.93,0.25519434
-88.94000000000001,0.25518596
-88.95,0.25517765
-88.96000000000001,0.25516915
-88.97000000000001,0.25516078
-88.98,0.25515243
-88.99000000000001,0.25514403
-89.0,0.25513566
-89.01,0.25512722
-89.02000000000001,0.25511888
-89.03,0.2551105
-89.04,0.25510213
-89.05000000000001,0.25509372
-89.06,0.25508535
-89.07000000000001,0.25507697
-89.08000000000001,0.2550685
-89.09,0.25506023
-89.10000000000001,0.25505188
-89.11000000000001,0.25504345
-89.12,0.25503513
-89.13000000000001,0.25502673
-89.14,0.2550183
-89.15,0.25501
-89.16000000000001,0.2550016
-89.17,0.2549932
-89.18,0.25498486
-89.19000000000001,0.25497654
-89.2,0.25496814
-89.21000000000001,0.25495982
-89.22000000000001,0.25495145
-89.23,0.25494316
-89.24000000000001,0.25493476
-89.25,0.25492644
-89.26,0.25491804
-89.27000000000001,0.2549097
-89.28,0.25490135
-89.29,0.25489295
-89.30000000000001,0.25488475
-89.31,0.2548763
-89.32000000000001,0.25486797
-89.33000000000001,0.25485963
-89.34,0.25485125
-89.35000000000001,0.254843
-89.36000000000001,0.25483462
-89.37,0.25482625
-89.38000000000001,0.25481793
-89.39,0.25480962
-89.4,0.25480127
-89.41000000000001,0.2547928
-89.42,0.25478458
-89.43,0.25477633
-89.44000000000001,0.25476798
-89.45,0.25475958
-89.46000000000001,0.25475127
-89.47000000000001,0.25474295
-89.48,0.25473464
-89.49000000000001,0.25472632
-89.5,0.254718
-89.51,0.2547097
-89.52000000000001,0.2547014
-89.53,0.2546931
-89.54,0.25468475
-89.55000000000001,0.25467646
-89.56,0.2546682
-89.57000000000001,0.2546599
-89.58000000000001,0.2546515
-89.59,0.25464323
-89.60000000000001,0.25463498
-89.61000000000001,0.25462654
-89.62,0.25461826
-89.63000000000001,0.25461006
-89.64,0.2546017
-89.65,0.2545934
-89.66000000000001,0.25458512
-89.67,0.25457677
-89.68,0.25456855
-89.69000000000001,0.25456017
-89.7,0.25455192
-89.71000000000001,0.25454363
-89.72000000000001,0.25453535
-89.73,0.25452703
-89.74000000000001,0.2545188
-89.75,0.25451046
-89.76,0.25450218
-89.77000000000001,0.25449398
-89.78,0.25448567
-89.79,0.25447744
-89.80000000000001,0.25446913
-89.81,0.2544609
-89.82000000000001,0.25445262
-89.83000000000001,0.25444424
-89.84,0.25443602
-89.85000000000001,0.2544276
-89.86000000000001,0.25441948
-89.87,0.2544111
-89.88000000000001,0.2544029
-89.89,0.2543946
-89.9,0.25438643
-89.91000000000001,0.25437814
-89.92,0.25436983
-89.93,0.25436157
-89.94000000000001,0.25435337
-89.95,0.25434515
-89.96000000000001,0.2543368
-89.97000000000001,0.25432855
-89.98,0.25432038
-89.99000000000001,0.2543121
-90.0,0.25430384
-90.01,0.2542956
-90.02000000000001,0.25428733
-90.03,0.2542791
-90.04,0.2542708
-90.05000000000001,0.2542626
-90.06,0.25425443
-90.07000000000001,0.2542461
-90.08000000000001,0.25423786
-90.09,0.25422966
-90.10000000000001,0.2542214
-90.11000000000001,0.25421324
-90.12,0.25420496
-90.13000000000001,0.25419676
-90.14,0.25418845
-90.15,0.2541802
-90.16000000000001,0.25417203
-90.17,0.25416377
-90.18,0.2541556
-90.19000000000001,0.25414732
-90.2,0.25413913
-90.21000000000001,0.25413093
-90.22000000000001,0.25412264
-90.23,0.25411448
-90.24000000000001,0.25410625
-90.25,0.2540981
-90.26,0.2540898
-90.27000000000001,0.25408158
-90.28,0.25407338
-90.29,0.2540652
-90.30000000000001,0.25405696
-90.31,0.25404876
-90.32000000000001,0.25404057
-90.33000000000001,0.25403237
-90.34,0.25402418
-90.35000000000001,0.25401598
-90.36000000000001,0.25400773
-90.37,0.25399953
-90.38000000000001,0.2539913
-90.39,0.25398314
-90.4,0.2539749
-90.41000000000001,0.25396672
-90.42,0.25395855
-90.43,0.2539504
-90.44000000000001,0.25394222
-90.45,0.25393406
-90.46000000000001,0.25392577
-90.47000000000001,0.2539176
-90.48,0.2539094
-90.49000000000001,0.2539013
-90.5,0.25389308
-90.51,0.25388494
-90.52000000000001,0.25387672
-90.53,0.25386852
-90.54,0.25386035
-90.55000000000001,0.25385216
-90.56,0.253844
-90.57000000000001,0.2538358
-90.58000000000001,0.2538277
-90.59,0.25381953
-90.60000000000001,0.25381133
-90.61000000000001,0.25380313
-90.62,0.25379503
-90.63000000000001,0.25378683
-90.64,0.2537788
-90.65,0.25377053
-90.66000000000001,0.2537623
-90.67,0.25375417
-90.68,0.25374603
-90.69000000000001,0.25373787
-90.7,0.2537297
-90.71000000000001,0.25372157
-90.72000000000001,0.2537135
-90.73,0.25370526
-90.74000000000001,0.25369713
-90.75,0.253689
-90.76,0.25368086
-90.77000000000001,0.25367272
-90.78,0.2536645
-90.79,0.2536564
-90.80000000000001,0.25364825
-90.81,0.25364006
-90.82000000000001,0.25363198
-90.83000000000001,0.25362387
-90.84,0.2536157
-90.85000000000001,0.2536076
-90.86000000000001,0.2535994
-90.87,0.25359127
-90.88000000000001,0.25358316
-90.89,0.2535751
-90.9,0.25356692
-90.91000000000001,0.25355875
-90.92,0.25355068
-90.93,0.25354254
-90.94000000000001,0.2535344
-90.95,0.25352636
-90.96000000000001,0.2535182
-90.97000000000001,0.25350994
-90.98,0.25350195
-90.99000000000001,0.25349382
-91.0,0.2534857
-91.01,0.25347748
-91.02000000000001,0.2534695
-91.03,0.2534613
-91.04,0.25345317
-91.05000000000001,0.2534451
-91.06,0.25343704
-91.07000000000001,0.25342885
-91.08000000000001,0.25342083
-91.09,0.25341266
-91.10000000000001,0.2534046
-91.11000000000001,0.25339654
-91.12,0.25338835
-91.13000000000001,0.25338033
-91.14,0.2533722
-91.15,0.25336412
-91.16000000000001,0.253356
-91.17,0.25334793
-91.18,0.2533399
-91.19000000000001,0.25333172
-91.2,0.25332364
-91.21000000000001,0.25331563
-91.22000000000001,0.25330755
-91.23,0.25329944
-91.24000000000001,0.2532913
-91.25,0.2532833
-91.26,0.25327513
-91.27000000000001,0.25326705
-91.28,0.25325897
-91.29,0.2532509
-91.30000000000001,0.2532429
-91.31,0.25323474
-91.32000000000001,0.25322667
-91.33000000000001,0.25321862
-91.34,0.2532106
-91.35000000000001,0.25320244
-91.36000000000001,0.25319442
-91.37,0.25318635
-91.38000000000001,0.25317833
-91.39,0.2531702
-91.4,0.25316212
-91.41000000000001,0.25315407
-91.42,0.25314602
-91.43,0.25313798
-91.44000000000001,0.2531299
-91.45,0.25312185
-91.46000000000001,0.2531138
-91.47000000000001,0.25310576
-91.48,0.2530977
-91.49000000000001,0.25308967
-91.5,0.25308162
-91.51,0.25307357
-91.52000000000001,0.25306553
-91.53,0.25305745
-91.54,0.25304943
-91.55000000000001,0.2530414
-91.56,0.25303334
-91.57000000000001,0.25302535
-91.58000000000001,0.2530173
-91.59,0.2530092
-91.60000000000001,0.25300124
-91.61000000000001,0.25299314
-91.62,0.25298518
-91.63000000000001,0.25297704
-91.64,0.25296912
-91.65,0.25296107
-91.66000000000001,0.252953
-91.67,0.25294495
-91.68,0.25293702
-91.69000000000001,0.2529289
-91.7,0.25292084
-91.71000000000001,0.25291294
-91.72000000000001,0.25290486
-91.73,0.25289685
-91.74000000000001,0.25288886
-91.75,0.25288084
-91.76,0.25287277
-91.77000000000001,0.25286484
-91.78,0.25285676
-91.79,0.25284874
-91.80000000000001,0.25284073
-91.81,0.25283274
-91.82000000000001,0.2528247
-91.83000000000001,0.2528168
-91.84,0.25280863
-91.85000000000001,0.25280073
-91.86000000000001,0.25279272
-91.87,0.25278467
-91.88000000000001,0.25277668
-91.89,0.2527687
-91.9,0.25276077
-91.91000000000001,0.2527527
-91.92,0.2527447
-91.93,0.25273675
-91.94000000000001,0.2527287
-91.95,0.2527208
-91.96000000000001,0.2527128
-91.97000000000001,0.25270477
-91.98,0.25269678
-91.99000000000001,0.25268888
-92.0,0.25268084
-92.01,0.2526728
-92.02000000000001,0.25266483
-92.03,0.25265688
-92.04,0.25264886
-92.05000000000001,0.25264087
-92.06,0.25263298
-92.07000000000001,0.25262496
-92.08000000000001,0.25261697
-92.09,0.252609
-92.10000000000001,0.2526011
-92.11000000000001,0.25259307
-92.12,0.25258508
-92.13000000000001,0.2525772
-92.14,0.25256917
-92.15,0.25256124
-92.16000000000001,0.25255322
-92.17,0.25254536
-92.18,0.25253737
-92.19000000000001,0.2525293
-92.2,0.25252143
-92.21000000000001,0.25251344
-92.22000000000001,0.2525055
-92.23,0.2524975
-92.24000000000001,0.25248954
-92.25,0.2524816
-92.26,0.25247368
-92.27000000000001,0.25246567
-92.28,0.25245777
-92.29,0.2524499
-92.30000000000001,0.25244203
-92.31,0.25243402
-92.32000000000001,0.25242606
-92.33000000000001,0.2524181
-92.34,0.2524101
-92.35000000000001,0.2524022
-92.36000000000001,0.25239426
-92.37,0.25238645
-92.38000000000001,0.2523784
-92.39,0.25237048
-92.4,0.25236252
-92.41000000000001,0.25235465
-92.42,0.25234666
-92.43,0.2523387
-92.44000000000001,0.2523309
-92.45,0.25232294
-92.46000000000001,0.25231495
-92.47000000000001,0.252307
-92.48,0.2522991
-92.49000000000001,0.25229117
-92.5,0.2522833
-92.51,0.25227544
-92.52000000000001,0.25226748
-92.53,0.25225952
-92.54,0.2522516
-92.55000000000001,0.25224373
-92.56,0.2522358
-92.57000000000001,0.25222796
-92.58000000000001,0.25222
-92.59,0.25221205
-92.60000000000001,0.25220415
-92.61000000000001,0.25219625
-92.62,0.2521883
-92.63000000000001,0.25218043
-92.64,0.25217262
-92.65,0.25216463
-92.66000000000001,0.25215682
-92.67,0.2521489
-92.68,0.25214094
-92.69000000000001,0.2521331
-92.7,0.25212523
-92.71000000000001,0.25211728
-92.72000000000001,0.25210944
-92.73,0.25210145
-92.74000000000001,0.25209358
-92.75,0.25208572
-92.76,0.25207782
-92.77000000000001,0.25206992
-92.78,0.25206205
-92.79,0.25205427
-92.80000000000001,0.25204632
-92.81,0.25203845
-92.82000000000001,0.25203055
-92.83000000000001,0.25202262
-92.84,0.25201476
-92.85000000000001,0.2520069
-92.86000000000001,0.25199902
-92.87,0.2519912
-92.88000000000001,0.25198334
-92.89,0.25197542
-92.9,0.25196755
-92.91000000000001,0.25195974
-92.92,0.2519518
-92.93,0.25194395
-92.94000000000001,0.25193608
-92.95,0.25192824
-92.96000000000001,0.2519204
-92.97000000000001,0.2519125
-92.98,0.25190467
-92.99000000000001,0.25189683
-93.0,0.251889
-93.01,0.25188106
-93.02000000000001,0.25187322
-93.03,0.2518654
-93.04,0.25185758
-93.05000000000001,0.25184965
-93.06,0.25184178
-93.07000000000001,0.25183398
-93.08000000000001,0.25182623
-93.09,0.2518183
-93.10000000000001,0.25181037
-93.11000000000001,0.2518026
-93.12,0.25179482
-93.13000000000001,0.25178692
-93.14,0.25177905
-93.15,0.25177124
-93.16000000000001,0.25176346
-93.17,0.25175563
-93.18,0.25174782
-93.19000000000001,0.25173995
-93.2,0.25173217
-93.21000000000001,0.2517243
-93.22000000000001,0.2517165
-93.23,0.25170866
-93.24000000000001,0.25170085
-93.25,0.25169295
-93.26,0.2516851
-93.27000000000001,0.25167733
-93.28,0.2516696
-93.29,0.2516617
-93.30000000000001,0.25165385
-93.31,0.25164607
-93.32000000000001,0.2516383
-93.33000000000001,0.25163046
-93.34,0.25162268
-93.35000000000001,0.25161484
-93.36000000000001,0.251607
-93.37,0.25159916
-93.38000000000001,0.25159132
-93.39,0.25158358
-93.4,0.25157574
-93.41000000000001,0.25156805
-93.42,0.25156024
-93.43,0.2515524
-93.44000000000001,0.2515446
-93.45,0.25153682
-93.46000000000001,0.251529
-93.47000000000001,0.25152114
-93.48,0.25151342
-93.49000000000001,0.25150555
-93.5,0.25149778
-93.51,0.25148997
-93.52000000000001,0.25148222
-93.53,0.25147444
-93.54,0.2514666
-93.55000000000001,0.25145885
-93.56,0.25145108
-93.57000000000001,0.25144324
-93.58000000000001,0.25143546
-93.59,0.2514277
-93.60000000000001,0.2514199
-93.61000000000001,0.25141218
-93.62,0.25140435
-93.63000000000001,0.25139663
-93.64,0.2513888
-93.65,0.25138104
-93.66000000000001,0.25137323
-93.67,0.25136545
-93.68,0.25135776
-93.69000000000001,0.25135002
-93.7,0.25134227
-93.71000000000001,0.25133443
-93.72000000000001,0.25132662
-93.73,0.25131887
-93.74000000000001,0.25131112
-93.75,0.2513034
-93.76,0.25129557
-93.77000000000001,0.25128788
-93.78,0.25128004
-93.79,0.25127232
-93.80000000000001,0.25126454
-93.81,0.25125685
-93.82000000000001,0.2512491
-93.83000000000001,0.25124133
-93.84,0.25123364
-93.85000000000001,0.2512258
-93.86000000000001,0.25121805
-93.87,0.2512103
-93.88000000000001,0.25120258
-93.89,0.2511949
-93.9,0.25118712
-93.91000000000001,0.25117934
-93.92,0.25117162
-93.93,0.25116387
-93.94000000000001,0.25115612
-93.95,0.25114837
-93.96000000000001,0.25114068
-93.97000000000001,0.251133
-93.98,0.25112522
-93.99000000000001,0.25111753
-94.0,0.25110978
-94.01,0.25110203
-94.02000000000001,0.25109428
-94.03,0.2510866
-94.04,0.25107884
-94.05000000000001,0.2510711
-94.06,0.25106338
-94.07000000000001,0.25105572
-94.08000000000001,0.25104794
-94.09,0.25104016
-94.10000000000001,0.2510325
-94.11000000000001,0.25102478
-94.12,0.25101706
-94.13000000000001,0.2510094
-94.14,0.25100163
-94.15,0.25099394
-94.16000000000001,0.25098625
-94.17,0.25097853
-94.18,0.2509708
-94.19000000000001,0.25096318
-94.2,0.25095546
-94.21000000000001,0.2509477
-94.22000000000001,0.25093997
-94.23,0.2509323
-94.24000000000001,0.25092456
-94.25,0.2509169
-94.26,0.25090927
-94.27000000000001,0.25090158
-94.28,0.25089386
-94.29,0.25088608
-94.30000000000001,0.25087842
-94.31,0.25087076
-94.32000000000001,0.25086305
-94.33000000000001,0.25085533
-94.34,0.25084773
-94.35000000000001,0.25083992
-94.36000000000001,0.25083232
-94.37,0.25082466
-94.38000000000001,0.25081697
-94.39,0.25080928
-94.4,0.25080156
-94.41000000000001,0.25079393
-94.42,0.2507862
-94.43,0.2507785
-94.44000000000001,0.2507708
-94.45,0.25076312
-94.46000000000001,0.25075558
-94.47000000000001,0.25074783
-94.48,0.25074023
-94.49000000000001,0.25073248
-94.5,0.2507248
-94.51,0.25071722
-94.52000000000001,0.25070947
-94.53,0.25070179
-94.54,0.25069413
-94.55000000000001,0.25068644
-94.56,0.2506788
-94.57000000000001,0.25067118
-94.58000000000001,0.2506635
-94.59,0.25065592
-94.60000000000001,0.2506483
-94.61000000000001,0.25064048
-94.62,0.25063294
-94.63000000000001,0.25062522
-94.64,0.2506176
-94.65,0.25061
-94.66000000000001,0.2506023
-94.67,0.2505947
-94.68,0.250587
-94.69000000000001,0.25057927
-94.7,0.2505717
-94.71000000000001,0.25056407
-94.72000000000001,0.25055647
-94.73,0.25054872
-94.74000000000001,0.2505411
-94.75,0.25053355
-94.76,0.2505259
-94.77000000000001,0.2505183
-94.78,0.2505106
-94.79,0.25050288
-94.80000000000001,0.25049537
-94.81,0.2504877
-94.82000000000001,0.2504801
-94.83000000000001,0.25047246
-94.84,0.25046486
-94.85000000000001,0.25045717
-94.86000000000001,0.2504496
-94.87,0.25044197
-94.88000000000001,0.2504343
-94.89,0.25042665
-94.9,0.2504191
-94.91000000000001,0.25041154
-94.92,0.2504039
-94.93,0.25039625
-94.94000000000001,0.25038868
-94.95,0.250381
-94.96000000000001,0.25037342
-94.97000000000001,0.25036576
-94.98,0.25035816
-94.99000000000001,0.25035048
-95.0,0.25034294
-95.01,0.25033534
-95.02000000000001,0.25032774
-95.03,0.25032014
-95.04,0.2503125
-95.05000000000001,0.2503049
-95.06,0.25029737
-95.07000000000001,0.2502897
-95.08000000000001,0.25028217
-95.09,0.2502745
-95.10000000000001,0.25026697
-95.11000000000001,0.2502594
-95.12,0.2502517
-95.13000000000001,0.25024414
-95.14,0.25023657
-95.15,0.250229
-95.16000000000001,0.2502214
-95.17,0.25021377
-95.18,0.25020626
-95.19000000000001,0.2501987
-95.2,0.25019106
-95.21000000000001,0.2501835
-95.22000000000001,0.25017586
-95.23,0.25016835
-95.24000000000001,0.25016072
-95.25,0.2501532
-95.26,0.25014555
-95.27000000000001,0.25013807
-95.28,0.25013041
-95.29,0.25012285
-95.30000000000001,0.2501153
-95.31,0.25010777
-95.32000000000001,0.25010014
-95.33000000000001,0.2500926
-95.34,0.25008506
-95.35000000000001,0.2500774
-95.36000000000001,0.25006983
-95.37,0.25006232
-95.38000000000001,0.25005478
-95.39,0.25004718
-95.4,0.2500396
-95.41000000000001,0.25003213
-95.42,0.2500245
-95.43,0.25001693
-95.44000000000001,0.25000945
-95.45,0.25000194
-95.46000000000001,0.24999431
-95.47000000000001,0.24998677
-95.48,0.24997923
-95.49000000000001,0.24997163
-95.5,0.2499641
-95.51,0.24995658
-95.52000000000001,0.24994905
-95.53,0.24994148
-95.54,0.24993393
-95.55000000000001,0.24992643
-95.56,0.24991886
-95.57000000000001,0.24991132
-95.58000000000001,0.24990368
-95.59,0.24989623
-95.60000000000001,0.24988866
-95.61000000000001,0.24988118
-95.62,0.24987365
-95.63000000000001,0.2498662
-95.64,0.24985851
-95.65,0.24985106
-95.66000000000001,0.24984352
-95.67,0.24983595
-95.68,0.24982847
-95.69000000000001,0.24982095
-95.7,0.24981345
-95.71000000000001,0.24980585
-95.72000000000001,0.24979839
-95.73,0.2497908
-95.74000000000001,0.24978334
-95.75000000000001,0.2497758
-95.76,0.24976829
-95.77000000000001,0.24976075
-95.78,0.24975327
-95.79,0.24974573
-95.80000000000001,0.2497382
-95.81,0.24973077
-95.82000000000001,0.24972329
-95.83000000000001,0.24971573
-95.84,0.24970824
-95.85000000000001,0.24970075
-95.86000000000001,0.24969316
-95.87,0.24968565
-95.88000000000001,0.24967821
-95.89,0.24967065
-95.9,0.2496632
-95.91000000000001,0.24965572
-95.92,0.2496482
-95.93,0.24964075
-95.94000000000001,0.24963325
-95.95,0.24962568
-95.96000000000001,0.24961828
-95.97000000000001,0.2496108
-95.98,0.24960329
-95.99000000000001,0.24959576
-96.00000000000001,0.24958834
-96.01,0.24958077
-96.02000000000001,0.24957326
-96.03,0.24956584
-96.04,0.2495583
-96.05000000000001,0.24955088
-96.06,0.24954335
-96.07000000000001,0.24953589
-96.08000000000001,0.24952844
-96.09,0.24952094
-96.10000000000001,0.24951342
-96.11000000000001,0.24950592
-96.12,0.24949853
-96.13000000000001,0.24949107
-96.14,0.24948353
-96.15,0.24947603
-96.16000000000001,0.24946862
-96.17,0.24946114
-96.18,0.24945372
-96.19000000000001,0.24944621
-96.2,0.24943875
-96.21000000000001,0.24943134
-96.22000000000001,0.24942386
-96.23,0.24941637
-96.24000000000001,0.2494089
-96.25000000000001,0.24940147
-96.26,0.249394
-96.27000000000001,0.2493866
-96.28,0.24937908
-96.29,0.24937159
-96.30000000000001,0.24936423
-96.31,0.24935669
-96.32000000000001,0.24934925
-96.33000000000001,0.2493418
-96.34,0.24933441
-96.35000000000001,0.24932699
-96.36000000000001,0.24931946
-96.37,0.24931201
-96.38000000000001,0.2493046
-96.39,0.24929713
-96.4,0.24928968
-96.41000000000001,0.24928229
-96.42,0.24927486
-96.43,0.24926747
-96.44000000000001,0.24925993
-96.45,0.2492526
-96.46000000000001,0.24924508
-96.47000000000001,0.24923767
-96.48,0.24923031
-96.49000000000001,0.24922279
-96.50000000000001,0.24921532
-96.51,0.24920793
-96.52000000000001,0.24920052
-96.53,0.24919309
-96.54,0.24918567
-96.55000000000001,0.24917822
-96.56,0.24917078
-96.57000000000001,0.24916343
-96.58000000000001,0.24915595
-96.59,0.24914855
-96.60000000000001,0.24914116
-96.61000000000001,0.24913375
-96.62,0.24912629
-96.63000000000001,0.24911886
-96.64,0.2491115
-96.65,0.24910407
-96.66000000000001,0.24909662
-96.67,0.24908926
-96.68,0.24908188
-96.69000000000001,0.24907443
-96.7,0.24906702
-96.71000000000001,0.24905963
-96.72000000000001,0.2490522
-96.73,0.24904484
-96.74000000000001,0.24903744
-96.75000000000001,0.24903004
-96.76,0.24902262
-96.77000000000001,0.24901521
-96.78,0.24900788
-96.79,0.24900046
-96.80000000000001,0.24899304
-96.81,0.24898556
-96.82000000000001,0.2489783
-96.83000000000001,0.24897084
-96.84,0.24896345
-96.85000000000001,0.248956
-96.86000000000001,0.24894874
-96.87,0.24894136
-96.88000000000001,0.24893399
-96.89,0.24892652
-96.9,0.24891913
-96.91000000000001,0.24891175
-96.92,0.24890439
-96.93,0.24889702
-96.94000000000001,0.24888967
-96.95,0.24888225
-96.96000000000001,0.24887498
-96.97000000000001,0.2488675
-96.98,0.2488602
-96.99000000000001,0.24885277
-97.00000000000001,0.24884541
-97.01,0.24883804
-97.02000000000001,0.24883063
-97.03,0.24882326
-97.04,0.24881598
-97.05000000000001,0.24880864
-97.06,0.24880125
-97.07000000000001,0.24879389
-97.08000000000001,0.24878645
-97.09,0.2487792
-97.10000000000001,0.24877176
-97.11000000000001,0.24876441
-97.12,0.24875705
-97.13000000000001,0.24874964
-97.14,0.24874236
-97.15,0.24873501
-97.16000000000001,0.24872755
-97.17,0.24872023
-97.18,0.24871288
-97.19000000000001,0.24870555
-97.2,0.24869825
-97.21000000000001,0.24869089
-97.22000000000001,0.24868353
-97.23,0.24867624
-97.24000000000001,0.24866888
-97.25000000000001,0.24866149
-97.26,0.24865416
-97.27000000000001,0.24864672
-97.28,0.24863951
-97.29,0.24863222
-97.30000000000001,0.2486249
-97.31,0.24861737
-97.32000000000001,0.24861008
-97.33000000000001,0.24860287
-97.34,0.24859548
-97.35000000000001,0.24858816
-97.36000000000001,0.24858084
-97.37,0.24857348
-97.38000000000001,0.2485662
-97.39,0.24855886
-97.4,0.2485515
-97.41000000000001,0.24854419
-97.42,0.24853688
-97.43,0.24852961
-97.44000000000001,0.24852222
-97.45,0.2485149
-97.46000000000001,0.24850754
-97.47000000000001,0.24850027
-97.48,0.24849299
-97.49000000000001,0.24848567
-97.50000000000001,0.24847826
-97.51,0.24847093
-97.52000000000001,0.24846365
-97.53,0.24845634
-97.54,0.24844906
-97.55000000000001,0.2484418
-97.56,0.24843442
-97.57000000000001,0.24842715
-97.58000000000001,0.24841984
-97.59,0.24841256
-97.60000000000001,0.24840528
-97.61000000000001,0.24839789
-97.62,0.24839067
-97.63000000000001,0.24838334
-97.64,0.24837607
-97.65,0.24836874
-97.66000000000001,0.24836144
-97.67,0.2483541
-97.68,0.24834691
-97.69000000000001,0.24833949
-97.7,0.2483322
-97.71000000000001,0.24832499
-97.72000000000001,0.24831778
-97.73,0.24831042
-97.74000000000001,0.24830317
-97.75000000000001,0.24829584
-97.76,0.24828854
-97.77000000000001,0.24828126
-97.78,0.24827403
-97.79,0.24826673
-97.80000000000001,0.24825937
-97.81,0.24825218
-97.82000000000001,0.24824491
-97.83000000000001,0.2482376
-97.84,0.24823035
-97.85000000000001,0.24822307
-97.86000000000001,0.24821582
-97.87,0.24820854
-97.88000000000001,0.2482013
-97.89,0.24819405
-97.9,0.24818672
-97.91000000000001,0.24817944
-97.92,0.24817218
-97.93,0.24816494
-97.94000000000001,0.2481577
-97.95,0.2481504
-97.96000000000001,0.24814317
-97.97000000000001,0.2481358
-97.98,0.24812858
-97.99000000000001,0.24812129
-98.00000000000001,0.24811417
-98.01,0.24810687
-98.02000000000001,0.24809954
-98.03,0.24809238
-98.04,0.24808505
-98.05000000000001,0.24807778
-98.06,0.24807058
-98.07000000000001,0.24806336
-98.08000000000001,0.24805611
-98.09,0.24804886
-98.10000000000001,0.24804167
-98.11000000000001,0.24803436
-98.12,0.24802716
-98.13000000000001,0.24801986
-98.14,0.2480126
-98.15,0.24800533
-98.16000000000001,0.24799821
-98.17,0.24799095
-98.18,0.24798374
-98.19000000000001,0.24797642
-98.2,0.24796915
-98.21000000000001,0.24796191
-98.22000000000001,0.24795476
-98.23,0.2479475
-98.24000000000001,0.24794023
-98.25000000000001,0.24793303
-98.26,0.24792579
-98.27000000000001,0.24791855
-98.28,0.24791138
-98.29,0.24790415
-98.30000000000001,0.24789691
-98.31,0.24788973
-98.32000000000001,0.24788252
-98.33000000000001,0.24787529
-98.34,0.247868
-98.35000000000001,0.24786085
-98.36000000000001,0.24785364
-98.37,0.24784636
-98.38000000000001,0.24783917
-98.39,0.247832
-98.4,0.24782488
-98.41000000000001,0.2478175
-98.42,0.24781029
-98.43,0.24780317
-98.44000000000001,0.24779592
-98.45,0.2477887
-98.46000000000001,0.24778154
-98.47000000000001,0.24777435
-98.48,0.24776712
-98.49000000000001,0.2477599
-98.50000000000001,0.24775271
-98.51,0.24774551
-98.52000000000001,0.24773829
-98.53,0.24773113
-98.54,0.24772388
-98.55000000000001,0.24771665
-98.56,0.24770951
-98.57000000000001,0.2477023
-98.58000000000001,0.24769515
-98.59,0.24768795
-98.60000000000001,0.2476809
-98.61000000000001,0.24767359
-98.62,0.24766636
-98.63000000000001,0.2476592
-98.64,0.24765202
-98.65,0.24764483
-98.66000000000001,0.24763766
-98.67,0.2476305
-98.68,0.24762331
-98.69000000000001,0.24761608
-98.7,0.24760889
-98.71000000000001,0.24760169
-98.72000000000001,0.24759457
-98.73,0.24758746
-98.74000000000001,0.2475802
-98.75000000000001,0.247573
-98.76,0.24756579
-98.77000000000001,0.24755877
-98.78,0.2475515
-98.79,0.24754432
-98.80000000000001,0.24753723
-98.81,0.24753006
-98.82000000000001,0.24752282
-98.83000000000001,0.24751571
-98.84,0.24750847
-98.85000000000001,0.24750136
-98.86000000000001,0.2474942
-98.87,0.2474871
-98.88000000000001,0.24747992
-98.89,0.24747272
-98.9,0.24746557
-98.91000000000001,0.24745835
-98.92,0.24745126
-98.93,0.24744415
-98.94000000000001,0.24743699
-98.95,0.24742982
-98.96000000000001,0.24742262
-98.97000000000001,0.2474155
-98.98,0.24740843
-98.99000000000001,0.24740125
-99.00000000000001,0.24739416
-99.01,0.24738692
-99.02000000000001,0.24737981
-99.03,0.24737264
-99.04,0.24736556
-99.05000000000001,0.24735835
-99.06,0.24735126
-99.07000000000001,0.24734415
-99.08000000000001,0.24733695
-99.09,0.24732988
-99.10000000000001,0.2473227
-99.11000000000001,0.2473155
-99.12,0.24730848
-99.13000000000001,0.24730137
-99.14,0.24729413
-99.15,0.24728706
-99.16000000000001,0.24727991
-99.17,0.2472728
-99.18,0.24726571
-99.19000000000001,0.24725859
-99.2,0.2472515
-99.21000000000001,0.24724427
-99.22000000000001,0.24723722
-99.23,0.24723011
-99.24000000000001,0.24722297
-99.25000000000001,0.24721573
-99.26,0.24720871
-99.27000000000001,0.2472017
-99.28,0.24719445
-99.29,0.24718744
-99.30000000000001,0.24718027
-99.31,0.24717307
-99.32000000000001,0.247166
-99.33000000000001,0.24715899
-99.34,0.24715185
-99.35000000000001,0.24714473
-99.36000000000001,0.24713767
-99.37,0.24713056
-99.38000000000001,0.24712339
-99.39,0.24711622
-99.4,0.24710916
-99.41000000000001,0.24710207
-99.42,0.24709508
-99.43,0.24708796
-99.44000000000001,0.24708085
-99.45,0.24707372
-99.46000000000001,0.2470666
-99.47000000000001,0.24705951
-99.48,0.2470524
-99.49000000000001,0.24704537
-99.50000000000001,0.2470383
-99.51,0.24703121
-99.52000000000001,0.24702403
-99.53,0.24701698
-99.54,0.24700993
-99.55000000000001,0.24700287
-99.56,0.24699572
-99.57000000000001,0.24698867
-99.58000000000001,0.24698159
-99.59,0.2469745
-99.60000000000001,0.24696733
-99.61000000000001,0.24696033
-99.62,0.2469533
-99.63000000000001,0.24694626
-99.64,0.24693912
-99.65,0.24693212
-99.66000000000001,0.2469249
-99.67,0.24691793
-99.68,0.24691078
-99.69000000000001,0.24690375
-99.7,0.24689665
-99.71000000000001,0.24688967
-99.72000000000001,0.24688256
-99.73,0.24687544
-99.74000000000001,0.24686843
-99.75000000000001,0.24686135
-99.76,0.24685429
-99.77000000000001,0.24684721
-99.78,0.24684021
-99.79,0.24683309
-99.80000000000001,0.24682607
-99.81,0.24681903
-99.82000000000001,0.24681191
-99.83000000000001,0.24680486
-99.84,0.24679783
-99.85000000000001,0.24679074
-99.86000000000001,0.24678372
-99.87,0.24677669
-99.88000000000001,0.24676964
-99.89,0.2467626
-99.9,0.24675547
-99.91000000000001,0.24674849
-99.92,0.24674137
-99.93,0.24673443
-99.94000000000001,0.24672736
-99.95,0.24672033
-99.96000000000001,0.24671336
-99.97000000000001,0.24670628
-99.98,0.24669929
-99.99000000000001,0.24669218
-100.00000000000001,0.24668522
